测试结果:
Accuracy: 0.3710554951033732
Recall: 0.9368131868131868
F1 Score: 0.5315666406452486
EDR: -0.6346153846153846
Hybrid Distance: 0.0578577424550237
R-EDR: -0.006493506493506494
Time: 231.28154301643372
speed: 23.12815430164337 seconds/100num
