测试结果:
Accuracy: 0.26483357452966716
Recall: 0.5865384615384616
F1 Score: 0.36490528410469647
EDR: -0.8653846153846154
Hybrid Distance: 0.11806660711680211
R-EDR: -0.05018587360594796
Time: 1330.6690356731415
speed: 66.53345178365707 seconds/100num
