测试结果:
Accuracy: 0.44761904761904764
Recall: 0.7704918032786885
F1 Score: 0.5662650601944768
EDR: -0.12412177985948478
Hybrid Distance: 0.02200963873773812
R-EDR: 0.0
Time: 41.22647500038147
speed: 1.7106421161984013 seconds/100num
