测试结果:
Accuracy: 0.3864168618266979
Recall: 0.5076923076923077
F1 Score: 0.4388297871849624
EDR: -0.2553846153846154
Hybrid Distance: 0.017661375868112682
R-EDR: -0.10596026490066225
Time: 2936.715816259384
speed: 121.85542806055535 seconds/100num
