测试结果:
Accuracy: 0.2683937823834197
Recall: 0.696236559139785
F1 Score: 0.38743455493365797
EDR: -0.9838709677419355
Hybrid Distance: 0.07116938351547795
R-EDR: -0.03519061583577713
Time: 650.5539321899414
speed: 32.52769660949707 seconds/100num
