测试结果:
Accuracy: 1.0
Recall: 0.6354679802955665
F1 Score: 0.7771084336874238
EDR: 0.6354679802955665
Hybrid Distance: 0.04709554312471166
R-EDR: 0.6868131868131868
Time: 81.11853122711182
Speed: 3.414079597100666 seconds/100 records
