测试结果:
Accuracy: 0.9838709677419355
Recall: 0.7349397590361446
F1 Score: 0.8413793102958763
EDR: 0.7349397590361446
Hybrid Distance: 0.03186439275848531
R-EDR: 0.7349397590361446
Time: 156.93482947349548
Speed: 15.693482947349548 seconds/100 records
