rep_right:132
rec_right:132
wrong_cells:203
prec:1.0
rec:0.6502463054187192
wrong2right:132
right2right:0
wrong2wrong:0
right2wrong:0
clean_in_cands AFTER filter:132
proportion of clean value in candidates and selected correctly:0.9999999999242424
