测试结果:
Accuracy: 0.40084985835694054
Recall: 0.7774725274725275
F1 Score: 0.5289719625719305
EDR: -0.3626373626373626
Hybrid Distance: 0.051086257152142496
R-EDR: 0.39935064935064934
Time: 2.5364668369293213
speed: 0.25364668369293214 seconds/100num
