2_flights Evaluation Results:
accuracy: 0.6731266149870802
recall: 0.6353658536585366
f1_score: 0.6537013801257003
edr: 0.517479674796748
hybrid_distance: 0.09532805349802362
r_edr: 0.11292016806722689
Total Time: 84.591757375 seconds
Cleaning Speed: 3.560259148779461 seconds/100 records
