rep_right:13
rec_right:13
wrong_cells:158
prec:0.18840579710144928
rec:0.08227848101265822
wrong2right:13
right2right:0
wrong2wrong:7
right2wrong:49
clean_in_cands AFTER filter:43
proportion of clean value in candidates and selected correctly:0.30232558132504056
