测试结果:
Accuracy: 0.03379265091863517
Recall: 0.3180239289849479
F1 Score: 0.06109360517262554
EDR: -8.39251254341953
Hybrid Distance: 0.1512443652295398
R-EDR: -3.27715996578272
Time: 1251.1468324661255
speed: 12.511468324661255 seconds/100num
