测试结果:
Accuracy: 0.6839378238341969
Recall: 0.9383886255924171
F1 Score: 0.7912087911600212
EDR: 0.533175355450237
Hybrid Distance: 0.01983811736731756
R-EDR: 0.7947214076246334
time(s): 139.96693233300002
speed: 13.996693233300002 seconds/100num
