测试结果:
Accuracy: 0.2568627450980392
Recall: 0.9924242424242424
F1 Score: 0.40809968844085365
EDR: -1.871212121212121
Hybrid Distance: 0.012978976812612739
R-EDR: -0.9743589743589743
Time: 3518.721002817154
speed: 148.09431830038525 seconds/100num
