测试结果:
Accuracy: 0.007555315704263357
Recall: 0.2978723404255319
F1 Score: 0.01473684210043817
EDR: -38.659574468085104
Hybrid Distance: 0.025945810111511966
R-EDR: -14.673913043478262
Time: 3003.194573163986
speed: 300.3194573163986 seconds/100num
