测试结果:
Accuracy: 0.003784295175023652
Recall: 0.11940298507462686
F1 Score: 0.007336084359014969
EDR: -31.134328358208954
Hybrid Distance: 0.041187890838906095
R-EDR: -10.919354838709678
Time: 26930.808129787445
speed: 2693.0808129787447 seconds/100num
