测试结果:
Accuracy: 0.4112903225806452
Recall: 0.3483606557377049
F1 Score: 0.37721893486158575
EDR: -0.1366120218579235
Hybrid Distance: 0.05043125981273645
R-EDR: -0.036885245901639344
Time: 15082.921728372574
speed: 301.6584345674515 seconds/100num
