测试结果:
Accuracy: 0.10355029585798817
Recall: 0.10324483775811209
F1 Score: 0.1033973411612261
EDR: -0.7728613569321534
Hybrid Distance: 0.13080939802678582
R-EDR: -0.3170731707317073
Time: 254.4119758605957
speed: 25.44119758605957 seconds/100num
