测试结果:
Accuracy: 0.15644958566563874
Recall: 0.6062953103760761
F1 Score: 0.248719199772222
EDR: -2.289986406887177
Hybrid Distance: 0.09012475417034332
R-EDR: -1.842633031690018
Time: 1527.892814397812
speed: 0.7639464071989059 seconds/100num
