测试结果:
Accuracy: 0.7435897435897436
Recall: 0.20279720279720279
F1 Score: 0.31868131864764515
EDR: 0.16783216783216784
Hybrid Distance: 0.007044145734306774
R-EDR: 0.12686567164179105
time(s): 44.694613542
speed: 4.4694613542 seconds/100num
