测试结果:
Accuracy: 0.8939544103072349
Recall: 0.5694444444444444
F1 Score: 0.69571924407124
EDR: 0.5422979797979798
Hybrid Distance: 0.1627312635854213
R-EDR: 0.5528273809523809
Time: 218.2979555130005
Speed: 4.36595911026001 seconds/100 records
