测试结果:
Accuracy: 0.6666666666666666
Recall: 0.019801980198019802
F1 Score: 0.038461538455935654
EDR: 0.009900990099009901
Hybrid Distance: 0.0067405973694628874
R-EDR: 0.01098901098901099
Time: 335.93948793411255
speed: 33.59394879341126 seconds/100num
