测试结果:
Accuracy: 0.8936170212765957
Recall: 0.4019138755980861
F1 Score: 0.5544554455017568
EDR: 0.3684210526315789
Hybrid Distance: 0.007966721467413647
R-EDR: 0.3894736842105263
time(s): 56.015019209
speed: 2.324274655975104 seconds/100num
