测试结果:
Accuracy: 0.0
Recall: 0.0
F1 Score: 0.0
EDR: -0.6686746987951807
Hybrid Distance: 0.005731521261630283
R-EDR: -0.6545454545454545
Time: 1066.068124294281
Speed: 10.66068124294281 seconds/100 records
