测试结果:
Accuracy: 0.3004484304932735
Recall: 0.7613636363636364
F1 Score: 0.4308681671619937
EDR: -1.0056818181818181
Hybrid Distance: 0.033139776299002686
R-EDR: -0.35185185185185186
Time: 2.4798882007598877
speed: 0.24798882007598877 seconds/100num
