测试结果:
Accuracy: 0.3105590062111801
Recall: 0.9852216748768473
F1 Score: 0.4722550176731175
EDR: -1.1970443349753694
Hybrid Distance: 0.016407742822612075
R-EDR: -0.6043956043956044
Time: 3500.6984503269196
speed: 147.3357933639276 seconds/100num
