测试结果:
Accuracy: 0.42424242424242425
Recall: 0.8293838862559242
F1 Score: 0.5613472333152862
EDR: -0.2559241706161137
Hybrid Distance: 0.07846510457925407
R-EDR: -0.017595307917888565
Time: 347.2402014732361
speed: 34.72402014732361 seconds/100num
