测试结果:
Accuracy: 1.0
Recall: 0.4835164835164835
F1 Score: 0.6518518518079122
EDR: 0.4835164835164835
Hybrid Distance: 0.1051528305962723
R-EDR: 0.4772727272727273
Time: 145.84087109565735
Speed: 14.584087109565735 seconds/100 records
