测试结果:
Accuracy: 0.9098360655737705
Recall: 0.6115702479338843
F1 Score: 0.7314662272995329
EDR: 0.5895316804407713
Hybrid Distance: 0.008383922822877794
R-EDR: 0.5759493670886076
time(s): 64.210343292
speed: 2.6643295971784235 seconds/100num
