测试结果:
Accuracy: 0.0036862584476756092
Recall: 0.3253012048192771
F1 Score: 0.007289908873923186
EDR: -87.59036144578313
Hybrid Distance: 0.09427895199040992
R-EDR: -57.13333333333333
Time: 1114.353672027588
speed: 11.143536720275879 seconds/100num
