测试结果:
Accuracy: 0.24257425742574257
Recall: 0.28994082840236685
F1 Score: 0.26415094334662204
EDR: -0.5857988165680473
Hybrid Distance: 0.08828488599311007
R-EDR: -0.24848484848484848
Time: 107.32366490364075
speed: 5.366183245182038 seconds/100num
