测试结果:
Accuracy: 0.8086929905111724
Recall: 0.7867778439547349
F1 Score: 0.7975849056103869
EDR: 0.7867778439547349
Hybrid Distance: 0.053763122861445495
R-EDR: 0.7224066390041494
Time: 597.5746324062347
speed: 24.79562790067364 seconds/100num
