测试结果:
Accuracy: 0.31776556776556775
Recall: 0.8013856812933026
F1 Score: 0.4550819671724516
EDR: -0.8175519630484989
Hybrid Distance: 0.049740542943039125
R-EDR: -0.2857142857142857
Time: 3551.5999569892883
speed: 149.47811266789935 seconds/100num
