测试结果:
Accuracy: 0.9531390134529149
Recall: 0.9530321712812465
F1 Score: 0.953085589322793
EDR: 0.9479878937338864
Hybrid Distance: 0.00916117698726394
R-EDR: 0.9429554954511925
time(s): 165.469476583
speed: 0.08273473829149999 seconds/100num
