测试结果:
Accuracy: 0.9939024390243902
Recall: 0.652
F1 Score: 0.7874396134787277
EDR: 0.652
Hybrid Distance: 0.08279911963479754
R-EDR: 0.7644110275689223
Time: 72.19757962226868
Speed: 3.0386186709709038 seconds/100 records
