测试结果:
Accuracy: 0.958904109589041
Recall: 0.2892561983471074
F1 Score: 0.4444444444088364
EDR: 0.2892561983471074
Hybrid Distance: 0.1033636779893092
R-EDR: 0.28378378378378377
Time: 404.032781124115
speed: 40.4032781124115 seconds/100num
