测试结果:
Accuracy: 0.4541832669322709
Recall: 0.9395604395604396
F1 Score: 0.61235452099456
EDR: -0.18681318681318682
Hybrid Distance: 0.05803391038195917
R-EDR: -0.04220779220779221
Time: 1874.1617748737335
speed: 187.41617748737335 seconds/100num
