测试结果:
Accuracy: 0.41683778234086244
Recall: 0.559228650137741
F1 Score: 0.4776470587745935
EDR: -0.17079889807162535
Hybrid Distance: 0.014250039838184464
R-EDR: -0.0759493670886076
Time: 2938.8588478565216
speed: 121.94435053346562 seconds/100num
