测试结果:
Accuracy: 0.35894283958205286
Recall: 0.8414985590778098
F1 Score: 0.503231365748687
EDR: -0.6051873198847262
Hybrid Distance: 0.0959110332722352
R-EDR: 0.0
Time: 2144.538382291794
speed: 214.45383822917938 seconds/100num
