测试结果:
Accuracy: 0.993103448275862
Recall: 0.5950413223140496
F1 Score: 0.7441860464647692
EDR: 0.5950413223140496
Hybrid Distance: 0.0566200696571403
R-EDR: 0.5765765765765766
Time: 150.64616656303406
Speed: 15.064616656303405 seconds/100 records
