测试结果:
Accuracy: 0.2247744052502051
Recall: 0.7965116279069767
F1 Score: 0.35060780546790926
EDR: -1.8488372093023255
Hybrid Distance: 0.0481292809656619
R-EDR: -2.078014184397163
Time: 3.366488218307495
speed: 0.14168721457523129 seconds/100num
