5_tax50k Evaluation Results:
accuracy: 0.48563218390804597
recall: 0.5176110260336907
f1_score: 0.5011119347165445
edr: -0.030627871362940276
hybrid_distance: 0.001799519061023349
r_edr: 0.42498036135113904
Total Time: 12589.6389 seconds
Cleaning Speed: 25.179277799999998 seconds/100 records
