测试结果:
Accuracy: 0.10196078431372549
Recall: 0.24413145539906103
F1 Score: 0.14384508986161854
EDR: -1.8990610328638498
Hybrid Distance: 0.0583719484412097
R-EDR: -1.709090909090909
Time: 213.5309820175171
Speed: 8.860206722718551 seconds/100 records
