测试结果:
Accuracy: 0.05247225025227043
Recall: 0.1947565543071161
F1 Score: 0.08267090616687893
EDR: -3.3146067415730336
Hybrid Distance: 0.04500649239110091
R-EDR: -3.125
Time: 213.30609011650085
Speed: 8.8508751085685 seconds/100 records
