测试结果:
Accuracy: 0.29797979797979796
Recall: 0.1282608695652174
F1 Score: 0.1793313069488087
EDR: -0.09347826086956522
Hybrid Distance: 0.07985142963043278
R-EDR: -0.09111111111111111
Time: 3771.7054195404053
speed: 37.71705419540405 seconds/100num
