测试结果:
Accuracy: 0.008211143695014663
Recall: 0.14736842105263157
F1 Score: 0.015555555545557098
EDR: -17.473684210526315
Hybrid Distance: 0.025702316896412728
R-EDR: -6.964705882352941
Time: 2635.2226297855377
speed: 263.5222629785538 seconds/100num
