测试结果:
Accuracy: 0.11806488323572333
Recall: 0.5728210040002254
F1 Score: 0.1957777577800508
EDR: -3.324074595751873
Hybrid Distance: 0.0896931190811547
R-EDR: -2.6450008958967928
Time: 1368.8691475391388
speed: 0.6844345737695694 seconds/100num
