测试结果:
Accuracy: 0.9431818181818182
Recall: 0.4715909090909091
F1 Score: 0.6287878787434344
EDR: 0.4715909090909091
Hybrid Distance: 0.061898163712977884
R-EDR: 0.46296296296296297
Time: 147.91071128845215
Speed: 14.791071128845214 seconds/100 records
