测试结果:
Accuracy: 0.12909441233140656
Recall: 0.25572519083969464
F1 Score: 0.17157490392468436
EDR: -1.4580152671755726
Hybrid Distance: 0.06012653912245674
R-EDR: -1.4513888888888888
Time: 206.13973784446716
Speed: 8.553516093131417 seconds/100 records
