测试结果:
Accuracy: 0.05982905982905983
Recall: 0.2734375
F1 Score: 0.09817671806310771
EDR: -3.796875
Hybrid Distance: 0.018707969710401066
R-EDR: -4.184210526315789
Time: 3.081719398498535
speed: 0.3081719398498535 seconds/100num
