测试结果:
Accuracy: 0.05849889624724062
Recall: 0.7162162162162162
F1 Score: 0.10816326529216076
EDR: -10.662162162162161
Hybrid Distance: 0.03936817787115705
R-EDR: -9.333333333333334
Time: 3.229264974594116
speed: 0.1359118255300554 seconds/100num
