测试结果:
Accuracy: 0.75
Recall: 0.2222222222222222
F1 Score: 0.3428571428218775
EDR: 0.18518518518518517
Hybrid Distance: 0.003632826278659615
R-EDR: 0.13157894736842105
time(s): 31.763358165999996
speed: 3.1763358166 seconds/100num
