测试结果:
Accuracy: 0.08183419588916123
Recall: 0.7300652614207487
F1 Score: 0.14717168011312928
EDR: -7.216712924761834
Hybrid Distance: 0.0814781211128892
R-EDR: -5.787788087398982
Time: 1538.6279606819153
speed: 0.7693139803409577 seconds/100num
