测试结果:
Accuracy: 0.38084632516703787
Recall: 0.9715909090909091
F1 Score: 0.5471999999595397
EDR: -0.6022727272727273
Hybrid Distance: 0.04392241058028205
R-EDR: -0.08024691358024691
Time: 324.53712344169617
speed: 32.45371234416962 seconds/100num
