测试结果:
Accuracy: 0.04852686308492201
Recall: 0.25
F1 Score: 0.08127721332545895
EDR: -4.366071428571429
Hybrid Distance: 0.01845458929983695
R-EDR: -4.619047619047619
Time: 3.321241855621338
speed: 0.3321241855621338 seconds/100num
