测试结果:
Accuracy: 0.3346153846153846
Recall: 0.5102639296187683
F1 Score: 0.4041811846211506
EDR: -0.44281524926686217
Hybrid Distance: 0.10410316941854525
R-EDR: -0.05357142857142857
Time: 379.19093465805054
speed: 37.919093465805055 seconds/100num
