测试结果:
Accuracy: 0.3046683046683047
Recall: 0.38153846153846155
F1 Score: 0.33879781415827775
EDR: -0.4523076923076923
Hybrid Distance: 0.01508278414288265
R-EDR: -0.076158940397351
Time: 20.62078356742859
speed: 0.8556341729223481 seconds/100num
