测试结果:
Accuracy: 0.30392156862745096
Recall: 0.38153846153846155
F1 Score: 0.3383356070447748
EDR: -0.4553846153846154
Hybrid Distance: 0.016670383208675373
R-EDR: -0.076158940397351
Time: 33.50790572166443
speed: 1.3903695320192708 seconds/100num
