测试结果:
Accuracy: 0.007501172058134084
Recall: 0.2
F1 Score: 0.01446000903053701
EDR: -25.9875
Hybrid Distance: 0.042392826915754876
R-EDR: -8.92
Time: 18926.40075826645
speed: 1892.640075826645 seconds/100num
