测试结果:
Accuracy: 0.6055900621118012
Recall: 0.17695099818511797
F1 Score: 0.2738764044593837
EDR: 0.17695099818511797
Hybrid Distance: 0.12432917473520216
R-EDR: 0.1634517766497462
Time: 1080.782081604004
Speed: 21.615641632080077 seconds/100 records
