测试结果:
Accuracy: 0.3087520259319287
Recall: 0.7068645640074211
F1 Score: 0.4297800337986304
EDR: -0.7959183673469388
Hybrid Distance: 0.1029654258059597
R-EDR: -0.021739130434782608
Time: 802.2892301082611
speed: 40.114461505413054 seconds/100num
