测试结果:
Accuracy: 0.7725186167499745
Recall: 0.7505450941526264
F1 Score: 0.7613733473586466
EDR: 0.7495964887441597
Hybrid Distance: 0.02886902322901501
R-EDR: 0.770433385155554
time(s): 242.90752120800002
speed: 0.12145376060400001 seconds/100num
