测试结果:
Accuracy: 0.7276995305164319
Recall: 0.1169811320754717
F1 Score: 0.20156046811657982
EDR: 0.1169811320754717
Hybrid Distance: 0.16443855566505813
R-EDR: 0.10819672131147541
Time: 2477.095193862915
speed: 24.77095193862915 seconds/100num
