测试结果:
Accuracy: 0.13988439306358383
Recall: 0.0330872299699207
F1 Score: 0.05351614326848578
EDR: -0.17035821711785618
Hybrid Distance: 0.09423100251939602
R-EDR: 0.0
Time: 232.16488647460938
Speed: 9.633397779029435 seconds/100 records
