测试结果:
Accuracy: 0.3798076923076923
Recall: 0.9793388429752066
F1 Score: 0.5473441108142323
EDR: -0.6157024793388429
Hybrid Distance: 0.04247802077586577
R-EDR: -0.06756756756756757
Time: 1874.6268002986908
speed: 187.4626800298691 seconds/100num
