测试结果:
Accuracy: 0.4110429447852761
Recall: 0.50187265917603
F1 Score: 0.4519392916874258
EDR: -0.20599250936329588
Hybrid Distance: 0.017287971704314824
R-EDR: -0.10833333333333334
Time: 2945.7722494602203
speed: 122.23121367054856 seconds/100num
