测试结果:
Accuracy: 0.8236759601388423
Recall: 0.7834340637397161
F1 Score: 0.8030511850816445
EDR: 0.7250991772943901
Hybrid Distance: 0.08519707099589906
R-EDR: 0.707955542556303
time(s): 1362.211321125
speed: 0.6811056605625 seconds/100num
