测试结果:
Accuracy: 0.3600430636727161
Recall: 0.4758130081300813
F1 Score: 0.4099106986026839
EDR: -0.11199186991869918
Hybrid Distance: 0.18859039956501178
R-EDR: -0.06302521008403361
Time: 1932.8716168403625
speed: 81.34981552358428 seconds/100num
