测试结果:
Accuracy: 0.071285140562249
Recall: 0.21846153846153846
F1 Score: 0.10749432244586803
EDR: -2.624615384615385
Hybrid Distance: 0.04937953165636891
R-EDR: -2.3543046357615895
Time: 209.6737985610962
Speed: 8.700157616642995 seconds/100 records
