测试结果:
Accuracy: 0.23270440251572327
Recall: 0.42045454545454547
F1 Score: 0.2995951416545362
EDR: -0.8863636363636364
Hybrid Distance: 0.0273333472852737
R-EDR: -0.09302325581395349
Time: 360.990309715271
speed: 36.0990309715271 seconds/100num
