测试结果:
Accuracy: 0.33195020746887965
Recall: 0.963855421686747
F1 Score: 0.4938271604557175
EDR: -0.9759036144578314
Hybrid Distance: 0.03316968066012111
R-EDR: -0.18072289156626506
Time: 221.00454425811768
speed: 22.10045442581177 seconds/100num
