测试结果:
Accuracy: 1.0
Recall: 0.8108108108108109
F1 Score: 0.8955223880102472
EDR: 0.8108108108108109
Hybrid Distance: 0.00965176233592999
R-EDR: 0.8194444444444444
Time: 83.35323095321655
Speed: 3.5081326158761175 seconds/100 records
