测试结果:
Accuracy: 0.18217821782178217
Recall: 0.12382234185733512
F1 Score: 0.14743589738771584
EDR: -0.38088829071332436
Hybrid Distance: 0.1332117892487781
R-EDR: -0.21870047543581617
Time: 5346.175610303879
speed: 267.3087805151939 seconds/100num
