测试结果:
<<<<<<< HEAD
Accuracy: 0.18217821782178217
Recall: 0.12382234185733512
F1 Score: 0.14743589738771584
EDR: -0.38088829071332436
Hybrid Distance: 0.1332117892487781
R-EDR: -0.21870047543581617
Time: 5346.175610303879
speed: 267.3087805151939 seconds/100num
=======
Accuracy: 0.13470319634703196
Recall: 0.1282608695652174
F1 Score: 0.13140311799011908
EDR: -0.6467391304347826
Hybrid Distance: 0.14250271687754268
R-EDR: -0.3316519546027743
Time: 621.8071568012238
speed: 20.72690522670746 seconds/100num
>>>>>>> 7bf0206f7ddcf282baf2ab902c08e6483a4ce7cb
