测试结果:
Accuracy: 0.031746031746031744
Recall: 0.2608695652173913
F1 Score: 0.05660377356556158
EDR: -7.3768115942028984
Hybrid Distance: 0.0169124318248195
R-EDR: -7.537313432835821
Time: 2.965020179748535
speed: 0.29650201797485354 seconds/100num
