测试结果:
Accuracy: 0.031746031746031744
Recall: 0.2608695652173913
F1 Score: 0.05660377356556158
EDR: -7.3768115942028984
Hybrid Distance: 0.016895519767517474
R-EDR: -7.537313432835821
Time: 3.6484286785125732
speed: 0.3648428678512573 seconds/100num
