测试结果:
Accuracy: 0.14035087719298245
Recall: 0.2962962962962963
F1 Score: 0.19047619043256803
EDR: -1.5185185185185186
Hybrid Distance: 0.05104435282800063
R-EDR: -0.8148148148148148
Time: 243.80091643333435
speed: 24.380091643333436 seconds/100num
