测试结果:
Accuracy: 0.4462809917355372
Recall: 0.8957345971563981
F1 Score: 0.595744680806672
EDR: -0.1990521327014218
Hybrid Distance: 0.06770709058309173
R-EDR: -0.017595307917888565
Time: 1901.5151629447937
speed: 190.15151629447936 seconds/100num
