测试结果:
Accuracy: 0.4
Recall: 0.024691358024691357
F1 Score: 0.04651162789602487
EDR: -0.012345679012345678
Hybrid Distance: 0.0050862352480542895
R-EDR: -0.013157894736842105
Time: 326.4538161754608
speed: 32.64538161754608 seconds/100num
