测试结果:
Accuracy: 0.0065756196256954984
Recall: 0.013091641490433032
F1 Score: 0.008754208709697174
EDR: -1.9204431017119838
Hybrid Distance: 0.10697095827708254
R-EDR: -0.22576530612244897
Time: 108.5409619808197
Speed: 10.85409619808197 seconds/100 records
