测试结果:
Accuracy: 0.36816720257234725
Recall: 0.698170731707317
F1 Score: 0.4821052631126835
EDR: -0.35365853658536583
Hybrid Distance: 0.021562752071570386
R-EDR: 0.0
Time: 33.70085549354553
speed: 1.3983757466201465 seconds/100num
