测试结果:
Accuracy: 0.44650205761316875
Recall: 0.8188679245283019
F1 Score: 0.5778961384363539
EDR: -0.1320754716981132
Hybrid Distance: 0.011869034729964095
R-EDR: 0.0
Time: 38.15908074378967
speed: 1.583364346215339 seconds/100num
