测试结果:
Accuracy: 0.01263537906137184
Recall: 0.007049345417925478
F1 Score: 0.009049773709682522
EDR: -0.5196374622356495
Hybrid Distance: 0.0599688910325939
R-EDR: -0.18622448979591838
Time: 23.132636547088623
speed: 2.3132636547088623 seconds/100num
