测试结果:
Accuracy: 0.2918181818181818
Recall: 0.7413394919168591
F1 Score: 0.4187866927187608
EDR: -0.8799076212471132
Hybrid Distance: 0.0527279644893371
R-EDR: -0.29110512129380056
Time: 135.99723839759827
speed: 5.723789494848412 seconds/100num
