测试结果:
Accuracy: 0.007424593967517401
Recall: 0.125
F1 Score: 0.014016644755074595
EDR: -16.3984375
Hybrid Distance: 0.06477875229315436
R-EDR: -7.640350877192983
Time: 99.45440983772278
Speed: 9.945440983772277 seconds/100 records
