测试结果:
Accuracy: 0.006535947712418301
Recall: 0.1728395061728395
F1 Score: 0.012595591535938049
EDR: -25.97530864197531
Hybrid Distance: 0.06195052243540011
R-EDR: -11.921052631578947
Time: 94.81437921524048
Speed: 9.481437921524048 seconds/100 records
