测试结果:
Accuracy: 0.11496836496836497
Recall: 0.6537793908789649
F1 Score: 0.19554905243721576
EDR: -4.058499966184991
Hybrid Distance: 0.08647946776331215
R-EDR: -3.261902220324509
Time: 1487.2417178153992
speed: 0.7436208589076996 seconds/100num
