测试结果:
Accuracy: 0.3406052076002815
Recall: 0.7960526315789473
F1 Score: 0.47708230651298084
EDR: -0.6430921052631579
Hybrid Distance: 0.09769420860252195
R-EDR: -0.01805869074492099
Time: 326.7157301902771
speed: 32.67157301902771 seconds/100num
