测试结果:
Accuracy: 1.0
Recall: 1.0
F1 Score: 0.99999999995
EDR: 1.0
Hybrid Distance: 0.0
R-EDR: 1.0
time(s): 61.853180167
speed: 2.603248323526936 seconds/100num
