测试结果:
Accuracy: 0.24764468371467024
Recall: 0.2152046783625731
F1 Score: 0.23028785977502658
EDR: -0.3267056530214425
Hybrid Distance: 0.14343923299443267
R-EDR: -0.3627838104639684
Time: 1054.9455544948578
Speed: 21.098911089897157 seconds/100 records
