测试结果:
Accuracy: 0.3125
Recall: 0.39325842696629215
F1 Score: 0.34825870641831635
EDR: -0.4606741573033708
Hybrid Distance: 0.014192071901218961
R-EDR: -0.10416666666666667
Time: 20.082662105560303
speed: 0.8333054815585188 seconds/100num
