测试结果:
Accuracy: 0.3106508875739645
Recall: 0.39325842696629215
F1 Score: 0.3471074379672175
EDR: -0.4681647940074906
Hybrid Distance: 0.015700465499974746
R-EDR: -0.10416666666666667
Time: 33.02166509628296
speed: 1.3701935724598737 seconds/100num
