测试结果:
Accuracy: 0.9470319634703196
Recall: 0.5825842696629213
F1 Score: 0.7213913043006644
EDR: 0.5808988764044943
Hybrid Distance: 0.16593426928485003
R-EDR: 0.5936420179682101
Time: 229.81502604484558
Speed: 4.596300520896912 seconds/100 records
