测试结果:
Accuracy: 0.0033285782215882074
Recall: 0.2
F1 Score: 0.006548175862074178
EDR: -59.371428571428574
Hybrid Distance: 0.03672456048913407
R-EDR: -19.8
Time: 20919.910756111145
speed: 2091.9910756111144 seconds/100num
