测试结果:
Accuracy: 0.6666666666666666
Recall: 0.25742574257425743
F1 Score: 0.37142857138837754
EDR: 0.1485148514851485
Hybrid Distance: 0.004992090859332239
R-EDR: 0.14285714285714285
time(s): 48.251465541
speed: 4.8251465541 seconds/100num
