测试结果:
Accuracy: 0.901679203707925
Recall: 0.8901140114011401
F1 Score: 0.8958592835343452
EDR: 0.8889138913891389
Hybrid Distance: 0.017841466943270767
R-EDR: 0.9159433921929112
time(s): 182.652215458
speed: 0.09132610772899999 seconds/100num
