测试结果:
Accuracy: 0.33814370347865713
Recall: 0.4524390243902439
F1 Score: 0.38702947052393905
EDR: -0.13821138211382114
Hybrid Distance: 0.1998929542593674
R-EDR: -0.06932773109243698
Time: 64025.20381689072
speed: 2694.6634603068483 seconds/100num
