测试结果:
Accuracy: 0.35202492211838005
Recall: 0.23492723492723494
F1 Score: 0.2817955111739352
EDR: -0.1704781704781705
Hybrid Distance: 0.07157205919928067
R-EDR: -0.16279069767441862
Time: 3948.852918624878
speed: 39.488529186248776 seconds/100num
