rep_right:113
rec_right:113
wrong_cells:481
prec:0.35202492211838005
rec:0.23492723492723494
wrong2right:113
right2right:0
wrong2wrong:13
right2wrong:195
clean_in_cands AFTER filter:126
proportion of clean value in candidates and selected correctly:0.8968253967542202
