测试结果:
Accuracy: 0.18639798488664988
Recall: 1.0
F1 Score: 0.3142250530520706
EDR: -3.364864864864865
Hybrid Distance: 0.011269862130243906
R-EDR: -1.5972222222222223
Time: 3578.8060731887817
speed: 150.6231512284841 seconds/100num
