测试结果:
Accuracy: 1.0
Recall: 0.45579567779960706
F1 Score: 0.6261808366641395
EDR: 0.45579567779960706
Hybrid Distance: 0.1522826017545237
R-EDR: 0.43243243243243246
Time: 138.56993293762207
Speed: 13.856993293762207 seconds/100 records
