测试结果:
Accuracy: 0.029537970262448858
Recall: 0.3119072708113804
F1 Score: 0.05396536005712118
EDR: -9.566912539515279
Hybrid Distance: 0.14887979613364802
R-EDR: -4.671240708976558
Time: 1311.8421533107758
speed: 13.118421533107757 seconds/100num
