测试结果:
Accuracy: 0.6153846153846154
Recall: 0.21428571428571427
F1 Score: 0.31788079466367264
EDR: 0.13392857142857142
Hybrid Distance: 0.005604332415638157
R-EDR: 0.09523809523809523
time(s): 81.977802875
speed: 8.1977802875 seconds/100num
