测试结果:
Accuracy: 0.10020040080160321
Recall: 0.7575757575757576
F1 Score: 0.17699115042184418
EDR: -5.924242424242424
Hybrid Distance: 0.0381594387109328
R-EDR: -5.726495726495727
Time: 3.2718212604522705
speed: 0.13770291500219994 seconds/100num
