测试结果:
Accuracy: 0.9230769230769231
Recall: 0.9917355371900827
F1 Score: 0.9561752987548453
EDR: 0.9132231404958677
Hybrid Distance: 0.011866290609571256
R-EDR: 0.9054054054054054
time(s): 132.403589958
speed: 13.2403589958 seconds/100num
