测试结果:
Accuracy: 0.15625
Recall: 0.2247191011235955
F1 Score: 0.18433179718663809
EDR: -0.898876404494382
Hybrid Distance: 0.07729080127742553
R-EDR: -0.3333333333333333
Time: 253.2217628955841
speed: 25.32217628955841 seconds/100num
