测试结果:
Accuracy: 0.5
Recall: 0.24361493123772102
F1 Score: 0.3276089827828922
EDR: 0.2337917485265226
Hybrid Distance: 0.0070558120322061265
R-EDR: 0.2337917485265226
Time: 2378.475999355316
speed: 23.784759993553163 seconds/100num
