rep_right:372
rec_right:372
wrong_cells:1527
prec:0.5
rec:0.24361493123772102
wrong2right:372
right2right:0
wrong2wrong:357
right2wrong:15
clean_in_cands AFTER filter:612
proportion of clean value in candidates and selected correctly:0.6078431372449699
