测试结果:
Accuracy: 0.914018691588785
Recall: 0.5147368421052632
F1 Score: 0.6585858585397634
EDR: 0.4957894736842105
Hybrid Distance: 0.14057856819598388
R-EDR: 0.49479768786127165
Time: 240.9235644340515
Speed: 4.81847128868103 seconds/100 records
