测试结果:
Accuracy: 0.9563636363636364
Recall: 0.7645348837209303
F1 Score: 0.8497576736178265
EDR: 0.7645348837209303
Hybrid Distance: 0.04133028792478042
R-EDR: 0.7198581560283688
Time: 289.2149221897125
speed: 12.172345210004735 seconds/100num
