测试结果:
Accuracy: 0.7601626016260162
Recall: 0.9226973684210527
F1 Score: 0.833580980633973
EDR: 0.6759868421052632
Hybrid Distance: 0.018331068144788718
R-EDR: 0.8419864559819413
time(s): 161.295343166
speed: 16.1295343166 seconds/100num
