测试结果:
Accuracy: 0.4580745341614907
Recall: 0.6276595744680851
F1 Score: 0.5296229802025663
EDR: -0.0851063829787234
Hybrid Distance: 0.019897203976530442
R-EDR: -0.08585858585858586
Time: 2943.7422420978546
speed: 122.14698099991098 seconds/100num
