测试结果:
Accuracy: 0.4153846153846154
Recall: 0.7988165680473372
F1 Score: 0.5465587044084275
EDR: -0.28994082840236685
Hybrid Distance: 0.01193332584147197
R-EDR: 0.0
Time: 38.18478536605835
speed: 1.5844309280522137 seconds/100num
