测试结果:
Accuracy: 0.33695652173913043
Recall: 0.41412213740458015
F1 Score: 0.37157534241628115
EDR: -0.3416030534351145
Hybrid Distance: 0.02821622908546016
R-EDR: -0.032407407407407406
Time: 34.80800461769104
speed: 1.4443155443025328 seconds/100num
