测试结果:
Accuracy: 0.338006230529595
Recall: 0.41412213740458015
F1 Score: 0.372212692917922
EDR: -0.3377862595419847
Hybrid Distance: 0.025583026091142682
R-EDR: -0.032407407407407406
Time: 20.37557315826416
speed: 0.8454594671478904 seconds/100num
