测试结果:
Accuracy: 0.8030873288605247
Recall: 0.7785004230118443
F1 Score: 0.7906027654218875
EDR: 0.7021467851099831
Hybrid Distance: 0.07799392358351706
R-EDR: 0.6933457677327336
time(s): 3966.455256166
speed: 1.9832276280830001 seconds/100num
