测试结果:
Accuracy: 0.03437416575795556
Recall: 0.8516816143497757
F1 Score: 0.06608126855805578
EDR: -22.925112107623317
Hybrid Distance: 0.07779400153821428
R-EDR: -18.154063691134883
Time: 1300.8009808063507
speed: 0.6504004904031754 seconds/100num
