测试结果:
Accuracy: 0.031762295081967214
Recall: 0.14832535885167464
F1 Score: 0.05232067507643234
EDR: -4.349282296650718
Hybrid Distance: 0.03868359328018485
R-EDR: -4.178947368421053
Time: 215.07059979438782
Speed: 8.924091277775428 seconds/100 records
