测试结果:
Accuracy: 0.3533886583679115
Recall: 0.8404605263157895
F1 Score: 0.4975657253721493
EDR: -0.6365131578947368
Hybrid Distance: 0.08745298770645854
R-EDR: -0.011286681715575621
Time: 2214.870789051056
speed: 221.4870789051056 seconds/100num
