测试结果:
Accuracy: 0.30357142857142855
Recall: 0.714
F1 Score: 0.4260143197672034
EDR: -0.8
Hybrid Distance: 0.06953962488594019
R-EDR: -0.2706766917293233
Time: 140.2321171760559
speed: 5.902025133672387 seconds/100num
