测试结果:
Accuracy: 1.0
Recall: 0.6502463054187192
F1 Score: 0.7880597014447832
EDR: 0.6502463054187192
Hybrid Distance: 0.03449782660351595
R-EDR: 0.6263736263736264
Time: 296.58037066459656
speed: 12.48233883268504 seconds/100num
