测试结果:
Accuracy: 0.9833333333333333
Recall: 0.953810623556582
F1 Score: 0.968347010501008
EDR: 0.953810623556582
Hybrid Distance: 0.008695931202669744
R-EDR: 0.9460916442048517
time(s): 58.97147275
speed: 2.481964341329966 seconds/100num
