测试结果:
Accuracy: 0.07142857142857142
Recall: 0.018072289156626505
F1 Score: 0.028846153813923817
EDR: 0.018072289156626505
Hybrid Distance: 0.0011521622253723302
R-EDR: 0.01818181818181818
Time: 3805.9073894023895
speed: 38.059073894023896 seconds/100num
