测试结果:
Accuracy: 0.3289817232375979
Recall: 0.5101214574898786
F1 Score: 0.3999999999523301
EDR: -0.44534412955465585
Hybrid Distance: 0.08742442467444582
R-EDR: -0.028708133971291867
Time: 386.09378480911255
speed: 38.60937848091125 seconds/100num
