测试结果:
Accuracy: 0.9453125
Recall: 0.9972527472527473
F1 Score: 0.9705882352441534
EDR: 0.9395604395604396
Hybrid Distance: 0.02114444631629839
R-EDR: 0.9285714285714286
time(s): 138.04222716599998
speed: 13.804222716599998 seconds/100num
