测试结果:
Accuracy: 0.8421052631578947
Recall: 0.32
F1 Score: 0.46376811590212136
EDR: 0.3
Hybrid Distance: 0.0019056161794266714
R-EDR: 0.2857142857142857
time(s): 22.710064041000003
speed: 2.2710064041 seconds/100num
