测试结果:
Accuracy: 0.5217391304347826
Recall: 0.057692307692307696
F1 Score: 0.1038961038781732
EDR: 0.057692307692307696
Hybrid Distance: 0.12596101780781538
R-EDR: 0.05564648117839607
Time: 2462.7155714035034
speed: 24.627155714035034 seconds/100num
