测试结果:
Accuracy: 0.004645760743321719
Recall: 0.11940298507462686
F1 Score: 0.008943543872052458
EDR: -25.313432835820894
Hybrid Distance: 0.03279019023470373
R-EDR: -9.935483870967742
Time: 2752.146577835083
speed: 275.2146577835083 seconds/100num
