测试结果:
Accuracy: 0.009692132269099202
Recall: 0.1504424778761062
F1 Score: 0.018211033732601963
EDR: -15.008849557522124
Hybrid Distance: 0.02894393131725208
R-EDR: -5.584905660377358
Time: 2653.7767713069916
speed: 265.37767713069917 seconds/100num
