测试结果:
Accuracy: 0.34133042529989094
Recall: 0.9098837209302325
F1 Score: 0.4964314036082225
EDR: -0.7674418604651163
Hybrid Distance: 0.024232055613745578
R-EDR: -0.3617021276595745
Time: 137.33103704452515
speed: 5.779925801537254 seconds/100num
