测试结果:
Accuracy: 0.07010014306151645
Recall: 0.13066666666666665
F1 Score: 0.09124767220780926
EDR: -1.0693333333333332
Hybrid Distance: 0.02386903816951476
R-EDR: -0.02717391304347826
Time: 10369.201513767242
speed: 103.69201513767243 seconds/100num
