测试结果:
Accuracy: 0.36619718309859156
Recall: 0.7027027027027027
F1 Score: 0.48148148143643693
EDR: -0.4954954954954955
Hybrid Distance: 0.010015846913692728
R-EDR: 0.0
Time: 37.03353548049927
speed: 1.536661223257231 seconds/100num
