测试结果:
Accuracy: 0.33455210237659966
Recall: 0.756198347107438
F1 Score: 0.46387832695366943
EDR: -0.731404958677686
Hybrid Distance: 0.04353022679390243
R-EDR: -0.02702702702702703
Time: 2.487997055053711
speed: 0.2487997055053711 seconds/100num
