测试结果:
Accuracy: 0.38967136150234744
Recall: 0.7312775330396476
F1 Score: 0.5084226645794522
EDR: -0.3568281938325991
Hybrid Distance: 0.014704034073059813
R-EDR: 0.0
Time: 33.692052602767944
speed: 1.3980104814426533 seconds/100num
