测试结果:
Accuracy: 0.037568876273167476
Recall: 0.29469548133595286
F1 Score: 0.06664198443014671
EDR: -7.233791748526523
Hybrid Distance: 0.12591698868451093
R-EDR: -4.540929927963327
Time: 56.58420491218567
speed: 0.5658420491218566 seconds/100num
