测试结果:
Accuracy: 0.8099547511312217
Recall: 0.18283963227783454
F1 Score: 0.2983333333032835
EDR: 0.17568947906026558
Hybrid Distance: 0.04579847460786154
R-EDR: 0.16859716859716858
Time: 273.7734463214874
speed: 27.37734463214874 seconds/100num
