测试结果:
Accuracy: 0.778055005332927
Recall: 0.7671117120162244
F1 Score: 0.7725446069263728
EDR: 0.7340619307832422
Hybrid Distance: 0.028523547529300343
R-EDR: 0.8081203950462454
time(s): 214.12272941700002
speed: 0.1070613647085 seconds/100num
