测试结果:
Accuracy: 0.05803231314856167
Recall: 0.7409022304209291
F1 Score: 0.10763402481203058
EDR: -11.041142601598748
Hybrid Distance: 0.0803615397892655
R-EDR: -8.79889669007021
Time: 1603.8876135349274
speed: 0.8019438067674637 seconds/100num
