测试结果:
Accuracy: 0.8225754927936562
Recall: 0.7830667954634897
F1 Score: 0.8023350653373598
EDR: 0.7226396193338342
Hybrid Distance: 0.08998359243399609
R-EDR: 0.7020280167522849
time(s): 1559.761387666
speed: 0.779880693833 seconds/100num
