测试结果:
Accuracy: 0.8393177737881508
Recall: 0.8353186420488385
F1 Score: 0.8373134327858212
EDR: 0.8329362715902323
Hybrid Distance: 0.030641450452070104
R-EDR: 0.7730290456431536
time(s): 31.249221540999997
speed: 1.2966481967219916 seconds/100num
