测试结果:
Accuracy: 0.03345070422535211
Recall: 0.2345679012345679
F1 Score: 0.05855161785180566
EDR: -6.197530864197531
Hybrid Distance: 0.01728032005141242
R-EDR: -6.578947368421052
Time: 2.951488971710205
speed: 0.2951488971710205 seconds/100num
