测试结果:
Accuracy: 0.03345070422535211
Recall: 0.2345679012345679
F1 Score: 0.05855161785180566
EDR: -6.197530864197531
Hybrid Distance: 0.017257072979554245
R-EDR: -6.578947368421052
Time: 3.5658438205718994
speed: 0.35658438205718995 seconds/100num
