测试结果:
Accuracy: 0.9936305732484076
Recall: 0.4495677233429395
F1 Score: 0.6190476190047248
EDR: 0.4495677233429395
Hybrid Distance: 0.14981509595141093
R-EDR: 0.3948919449901768
Time: 159.78442311286926
Speed: 15.978442311286926 seconds/100 records
