测试结果:
Accuracy: 0.1828358208955224
Recall: 0.7286245353159851
F1 Score: 0.2923191647703148
EDR: -2.386617100371747
Hybrid Distance: 0.04242957750590161
R-EDR: -2.451476793248945
Time: 3.300205707550049
speed: 0.1388975466140593 seconds/100num
