测试结果:
Accuracy: 0.279874213836478
Recall: 0.21921182266009853
F1 Score: 0.24585635354189891
EDR: -0.32019704433497537
Hybrid Distance: 0.12341122646545238
R-EDR: -0.14986376021798364
Time: 3876.3635430336
speed: 193.81817715168 seconds/100num
