测试结果:
Accuracy: 0.9318181818181818
Recall: 0.6737089201877934
F1 Score: 0.7820163487251343
EDR: 0.647887323943662
Hybrid Distance: 0.012783603401280551
R-EDR: 0.6597402597402597
time(s): 62.017978792
speed: 2.5733601158506225 seconds/100num
