测试结果:
Accuracy: 0.16910785619174434
Recall: 0.15338164251207728
F1 Score: 0.16086130457329814
EDR: -0.5628019323671497
Hybrid Distance: 0.144791608867798
R-EDR: -0.2714486638537271
Time: 130.3279001712799
speed: 6.516395008563995 seconds/100num
