测试结果:
Accuracy: 0.23976608187134502
Recall: 0.5714285714285714
F1 Score: 0.33779608646711207
EDR: -1.024390243902439
Hybrid Distance: 0.07941360490005668
R-EDR: -0.033962264150943396
Time: 1830.649597644806
speed: 91.5324798822403 seconds/100num
