测试结果:
Accuracy: 0.14298415808013262
Recall: 0.6128766592384459
F1 Score: 0.23187245881445157
EDR: -2.696024287052288
Hybrid Distance: 0.09013553781590865
R-EDR: -2.198624516431558
Time: 1414.6113369464874
speed: 0.7073056684732437 seconds/100num
