测试结果:
Accuracy: 0.9314214463840399
Recall: 0.5305397727272727
F1 Score: 0.6760180995012708
EDR: 0.5241477272727273
Hybrid Distance: 0.1591886969439716
R-EDR: 0.5124792013311148
Time: 223.5606198310852
Speed: 4.471212396621704 seconds/100 records
