rep_right:54
rec_right:54
wrong_cells:132
prec:0.574468085106383
rec:0.4090909090909091
wrong2right:54
right2right:0
wrong2wrong:40
right2wrong:0
clean_in_cands AFTER filter:94
proportion of clean value in candidates and selected correctly:0.5744680850452694
