测试结果:
Accuracy: 0.23142250530785563
Recall: 0.19326241134751773
F1 Score: 0.21062801927407523
EDR: -0.36879432624113473
Hybrid Distance: 0.13616958091709022
R-EDR: -0.15217391304347827
Time: 3775.6532232761383
speed: 188.78266116380692 seconds/100num
