测试结果:
Accuracy: 0.006143667296786389
Recall: 0.1
F1 Score: 0.01157613534083032
EDR: -15.823076923076924
Hybrid Distance: 0.047572829482079214
R-EDR: -5.452991452991453
Time: 26793.827879190445
speed: 2679.3827879190444 seconds/100num
