测试结果:
Accuracy: 0.08415841584158416
Recall: 0.23415977961432508
F1 Score: 0.12381646026700241
EDR: -2.3002754820936637
Hybrid Distance: 0.04932997538556527
R-EDR: -2.2056962025316458
Time: 209.34710717201233
Speed: 8.68660195734491 seconds/100 records
