测试结果:
Accuracy: 0.09462759462759462
Recall: 0.6531816266329541
F1 Score: 0.16530688420975076
EDR: -5.277623261694058
Hybrid Distance: 0.08282127435572097
R-EDR: -4.234390259782538
Time: 1556.839952468872
speed: 0.778419976234436 seconds/100num
