测试结果:
Accuracy: 0.09461653988449187
Recall: 0.6531523937963587
F1 Score: 0.16528907989214756
EDR: -5.278152393796359
Hybrid Distance: 0.08282127435572097
R-EDR: -4.234731084776664
Time: 1335.2085049152374
speed: 0.6676042524576187 seconds/100num
