测试结果:
Accuracy: 0.3644859813084112
Recall: 0.37320574162679426
F1 Score: 0.3687943261911417
EDR: -0.2631578947368421
Hybrid Distance: 0.013011168205402695
R-EDR: -0.1368421052631579
Time: 2900.260584592819
speed: 120.34276284617508 seconds/100num
