测试结果:
Accuracy: 0.004699248120300752
Recall: 0.2127659574468085
F1 Score: 0.009195402294622125
EDR: -44.53191489361702
Hybrid Distance: 0.03802715363812186
R-EDR: -14.782608695652174
Time: 27786.807910203934
speed: 2778.6807910203934 seconds/100num
