测试结果:
Accuracy: 0.0051162790697674414
Recall: 0.06832298136645963
F1 Score: 0.00951968843359726
EDR: -13.06832298136646
Hybrid Distance: 0.06851102110075596
R-EDR: -5.915492957746479
Time: 121.53026390075684
Speed: 12.153026390075684 seconds/100 records
