测试结果:
Accuracy: 0.16993464052287582
Recall: 0.24880382775119617
F1 Score: 0.2019417475245893
EDR: -0.9425837320574163
Hybrid Distance: 0.014208433067303582
R-EDR: -0.43157894736842106
Time: 20.53112292289734
speed: 0.8519138142281053 seconds/100num
