测试结果:
Accuracy: 0.16938110749185667
Recall: 0.24880382775119617
F1 Score: 0.20155038754870272
EDR: -0.9473684210526315
Hybrid Distance: 0.015713033385760865
R-EDR: -0.43157894736842106
Time: 33.56873083114624
speed: 1.3928933954832465 seconds/100num
