测试结果:
Accuracy: 0.0033589251439539347
Recall: 0.4666666666666667
F1 Score: 0.006669842780858237
EDR: -137.86666666666667
Hybrid Distance: 0.03165226005374857
R-EDR: -46.666666666666664
Time: 30621.217421531677
speed: 3062.121742153168 seconds/100num
