测试结果:
Accuracy: 0.2702702702702703
Recall: 0.4
F1 Score: 0.32258064511316337
EDR: -0.552
Hybrid Distance: 0.07103062987662508
R-EDR: -0.043478260869565216
Time: 354.99562788009644
speed: 35.49956278800964 seconds/100num
