测试结果:
Accuracy: 0.008024691358024692
Recall: 0.32432432432432434
F1 Score: 0.01566186435952627
EDR: -39.37629937629938
Hybrid Distance: 0.1380870992040602
R-EDR: -19.968287526427062
Time: 1247.681661605835
speed: 12.47681661605835 seconds/100num
