测试结果:
Accuracy: 0.5025510204081632
Recall: 0.05866587254318047
F1 Score: 0.10506666664794544
EDR: 0.0026801667659321023
Hybrid Distance: 0.07219969100545066
R-EDR: 0.0
Time: 34.39077401161194
speed: 1.4270030710212422 seconds/100num
