测试结果:
Accuracy: 0.06837606837606838
Recall: 0.27972027972027974
F1 Score: 0.10989010985854102
EDR: -3.3216783216783217
Hybrid Distance: 0.01921624070325025
R-EDR: -3.41044776119403
Time: 3.2947936058044434
speed: 0.32947936058044436 seconds/100num
