测试结果:
Accuracy: 0.9861495844875346
Recall: 0.712
F1 Score: 0.8269454122625691
EDR: 0.712
Hybrid Distance: 0.05997258891780028
R-EDR: 0.6967418546365914
Time: 291.7850193977356
speed: 12.280514284416482 seconds/100num
