测试结果:
<<<<<<< HEAD
Accuracy: 0.279874213836478
Recall: 0.21921182266009853
F1 Score: 0.24585635354189891
EDR: -0.32019704433497537
Hybrid Distance: 0.12341122646545238
R-EDR: -0.14986376021798364
Time: 3876.3635430336
speed: 193.81817715168 seconds/100num
=======
Accuracy: 0.2983050847457627
Recall: 0.26426426426426425
F1 Score: 0.28025477702024676
EDR: -0.32432432432432434
Hybrid Distance: 0.13068589553618049
R-EDR: -0.13930348258706468
Time: 567.2189497947693
speed: 18.90729832649231 seconds/100num
>>>>>>> 7bf0206f7ddcf282baf2ab902c08e6483a4ce7cb
