测试结果:
Accuracy: 0.2549019607843137
Recall: 0.9848484848484849
F1 Score: 0.4049844236433458
EDR: -1.878787878787879
Hybrid Distance: 0.013014873320600449
R-EDR: -0.9743589743589743
Time: 129.7281732559204
speed: 5.459939951848502 seconds/100num
