测试结果:
Accuracy: 0.6678445229681979
Recall: 0.23091020158827122
F1 Score: 0.343168406679929
EDR: 0.23091020158827122
Hybrid Distance: 0.13282571813151456
R-EDR: 0.19790940766550522
Time: 1022.8030371665955
Speed: 20.45606074333191 seconds/100 records
