测试结果:
Accuracy: 0.11434108527131782
Recall: 0.251063829787234
F1 Score: 0.15712383484381764
EDR: -1.676595744680851
Hybrid Distance: 0.05787026508943498
R-EDR: -1.643939393939394
Time: 206.54133653640747
Speed: 8.57017993927002 seconds/100 records
