测试结果:
Accuracy: 0.0
Recall: 0.0
F1 Score: 0.0
EDR: -0.8753830439223698
Hybrid Distance: 0.08116445049449403
R-EDR: -0.2187902187902188
time(s): 36.527158417
speed: 3.6527158417 seconds/100num
