测试结果:
Accuracy: 0.925
Recall: 0.2707317073170732
F1 Score: 0.4188679244932717
EDR: 0.2707317073170732
Hybrid Distance: 0.09598571404526844
R-EDR: 0.26184538653366585
Time: 288.07702708244324
Speed: 5.7615405416488645 seconds/100 records
