测试结果:
Accuracy: 0.5956632653061225
Recall: 0.8778195488721805
F1 Score: 0.7097264437208305
EDR: 0.34398496240601506
Hybrid Distance: 0.03230930185511699
R-EDR: 0.7669902912621359
time(s): 134.099180333
speed: 13.409918033299999 seconds/100num
