测试结果:
Accuracy: 0.6921615201900237
Recall: 0.40082530949105916
F1 Score: 0.5076655051800332
EDR: 0.40082530949105916
Hybrid Distance: 0.10628403952513199
R-EDR: 0.3492635024549918
Time: 4278.521826267242
speed: 42.78521826267242 seconds/100num
