测试结果:
Accuracy: 0.0069605568445475635
Recall: 0.1048951048951049
F1 Score: 0.013054830275535128
EDR: -14.685314685314685
Hybrid Distance: 0.06606366867393107
R-EDR: -6.32089552238806
Time: 114.17497372627258
Speed: 11.417497372627258 seconds/100 records
