测试结果:
Accuracy: 0.930576070901034
Recall: 0.543572044866264
F1 Score: 0.6862745097573675
EDR: 0.5349439171699741
Hybrid Distance: 0.14804938566115283
R-EDR: 0.556910569105691
Time: 197.52745366096497
Speed: 3.950549073219299 seconds/100 records
