测试结果:
Accuracy: 0.3141025641025641
Recall: 0.9107806691449815
F1 Score: 0.46711153475690775
EDR: -1.0074349442379182
Hybrid Distance: 0.019030103457772635
R-EDR: -0.45147679324894513
Time: 3532.7958149909973
speed: 148.68669255012614 seconds/100num
