测试结果:
Accuracy: 0.006060606060606061
Recall: 0.18840579710144928
F1 Score: 0.011743450761802204
EDR: -30.579710144927535
Hybrid Distance: 0.0624856630058254
R-EDR: -13.626865671641792
Time: 101.39856672286987
Speed: 10.139856672286987 seconds/100 records
