测试结果:
Accuracy: 0.1943900848010437
Recall: 0.6882217090069284
F1 Score: 0.30315361135934543
EDR: -1.9838337182448036
Hybrid Distance: 0.06555984339531204
R-EDR: -1.6037735849056605
Time: 3.3321382999420166
speed: 0.14024151094032056 seconds/100num
