测试结果:
Accuracy: 0.9413489736070382
Recall: 0.6829787234042554
F1 Score: 0.7916152897169864
EDR: 0.6702127659574468
Hybrid Distance: 0.009557971976705043
R-EDR: 0.648989898989899
time(s): 63.371503125
speed: 2.6295229512448133 seconds/100num
