测试结果:
Accuracy: 0.9629629629629629
Recall: 0.3518796992481203
F1 Score: 0.5154185021634431
EDR: 0.3518796992481203
Hybrid Distance: 0.12815601965480644
R-EDR: 0.3425774877650897
Time: 268.03726267814636
Speed: 5.360745253562928 seconds/100 records
