测试结果:
Accuracy: 0.11808536580645411
Recall: 0.5728691341332882
F1 Score: 0.1958087291115841
EDR: -3.323587403526562
Hybrid Distance: 0.0896931190811547
R-EDR: -2.6445927485275345
Time: 1854.7700905799866
speed: 0.9273850452899933 seconds/100num
