测试结果:
Accuracy: 0.006077606358111267
Recall: 0.26
F1 Score: 0.011877569662050442
EDR: -42.2
Hybrid Distance: 0.06045492527102442
R-EDR: -19.020408163265305
Time: 98.14077973365784
Speed: 9.814077973365784 seconds/100 records
