测试结果:
Accuracy: 1.0
Recall: 0.6468401486988847
F1 Score: 0.7855530473563626
EDR: 0.6468401486988847
Hybrid Distance: 0.05121154408550733
R-EDR: 0.7130801687763713
Time: 83.10976219177246
Speed: 3.4978856141318375 seconds/100 records
