测试结果:
Accuracy: 1.0
Recall: 0.6515151515151515
F1 Score: 0.7889908256402997
EDR: 0.6515151515151515
Hybrid Distance: 0.03141514682680008
R-EDR: 0.7094017094017094
Time: 82.50670838356018
Speed: 3.472504561597651 seconds/100 records
