测试结果:
Accuracy: 0.4748040313549832
Recall: 0.8330058939096268
F1 Score: 0.6048502139337795
EDR: -0.07858546168958742
Hybrid Distance: 0.12255155575556283
R-EDR: 0.02457002457002457
Time: 258.5973687171936
speed: 25.85973687171936 seconds/100num
