测试结果:
<<<<<<< HEAD
Accuracy: 0.21495327102803738
Recall: 0.39655172413793105
F1 Score: 0.27878787874228833
EDR: -1.0517241379310345
Hybrid Distance: 0.08331170538840141
R-EDR: -0.4827586206896552
Time: 102.2976987361908
speed: 5.11488493680954 seconds/100num
=======
Accuracy: 0.20754716981132076
Recall: 0.275
F1 Score: 0.23655913973592324
EDR: -0.775
Hybrid Distance: 0.10066375888268617
R-EDR: -0.4661016949152542
Time: 579.1312925815582
speed: 19.304376419385274 seconds/100num
>>>>>>> 7bf0206f7ddcf282baf2ab902c08e6483a4ce7cb
