测试结果:
Accuracy: 0.06659958794499544
Recall: 0.3330936975796789
F1 Score: 0.11100463182017516
EDR: -4.06685837526959
Hybrid Distance: 0.15996841956458174
R-EDR: -1.8997369190295235
Time: 1313.863121509552
speed: 13.13863121509552 seconds/100num
