测试结果:
Accuracy: 0.41274238227146814
Recall: 0.8402255639097744
F1 Score: 0.5535603714728479
EDR: -0.31390977443609025
Hybrid Distance: 0.0901764808240159
R-EDR: -0.007281553398058253
Time: 1914.511057138443
speed: 191.4511057138443 seconds/100num
