测试结果:
Accuracy: 0.7405660377358491
Recall: 0.3510162601626016
F1 Score: 0.4762824048102012
EDR: 0.3508130081300813
Hybrid Distance: 0.20183383075289144
R-EDR: 0.06039915966386555
Time: 45.921441078186035
Speed: 1.932720584098739 seconds/100 records
