测试结果:
Accuracy: 0.3541666666666667
Recall: 0.7727272727272727
F1 Score: 0.48571428567118363
EDR: -0.6363636363636364
Hybrid Distance: 0.005111919253671188
R-EDR: 0.0
Time: 36.873966693878174
speed: 1.5300401117791773 seconds/100num
