测试结果:
Accuracy: 0.12026726057906459
Recall: 0.108
F1 Score: 0.11380400416510751
EDR: -0.638
Hybrid Distance: 0.1293778231698528
R-EDR: -0.25761772853185594
Time: 255.52353239059448
speed: 25.55235323905945 seconds/100num
