测试结果:
Accuracy: 0.08571428571428572
Recall: 0.3167701863354037
F1 Score: 0.13492063488711298
EDR: -2.8509316770186337
Hybrid Distance: 0.020041651367692287
R-EDR: -3.1619718309859155
Time: 3.5734095573425293
speed: 0.35734095573425295 seconds/100num
