测试结果:
Accuracy: 0.9298245614035088
Recall: 0.4165029469548134
F1 Score: 0.5753052916804707
EDR: 0.4165029469548134
Hybrid Distance: 0.13039368009625718
R-EDR: 0.36117936117936117
Time: 431.0772750377655
speed: 43.10772750377655 seconds/100num
