测试结果:
Accuracy: 0.8333333333333334
Recall: 0.060240963855421686
F1 Score: 0.11235955054922359
EDR: 0.060240963855421686
Hybrid Distance: 0.07311492475427832
R-EDR: 0.060240963855421686
Time: 335.60917806625366
speed: 33.56091780662537 seconds/100num
