测试结果:
Accuracy: 0.7213675213675214
Recall: 0.6080691642651297
F1 Score: 0.6598905394343351
EDR: 0.43515850144092216
Hybrid Distance: 0.08466585404525284
R-EDR: 0.33988212180746563
Time: 411.98336815834045
speed: 41.19833681583405 seconds/100num
