测试结果:
Accuracy: 0.8325688073394495
Recall: 0.5970394736842105
F1 Score: 0.6954022988019319
EDR: 0.5
Hybrid Distance: 0.10777590448306534
R-EDR: 0.44243792325056436
Time: 403.2234423160553
speed: 40.32234423160553 seconds/100num
