测试结果:
Accuracy: 0.6366279069767442
Recall: 0.518957345971564
F1 Score: 0.5718015665301529
EDR: 0.33175355450236965
Hybrid Distance: 0.0518522733094214
R-EDR: 0.26392961876832843
Time: 416.5226573944092
speed: 41.65226573944092 seconds/100num
