测试结果:
Accuracy: 0.8777292576419214
Recall: 0.3602150537634409
F1 Score: 0.5108005082179502
EDR: 0.3602150537634409
Hybrid Distance: 0.11255599701769643
R-EDR: 0.35667396061269147
Time: 304.1488847732544
speed: 12.800878988773333 seconds/100num
