测试结果:
Accuracy: 0.4744897959183674
Recall: 0.256198347107438
F1 Score: 0.3327370303659115
EDR: 0.01652892561983471
Hybrid Distance: 0.030215863970861238
R-EDR: -0.03164556962025317
Time: 588.8104381561279
speed: 24.431968388221076 seconds/100num
