测试结果:
Accuracy: 0.12195121951219512
Recall: 0.044642857142857144
F1 Score: 0.06535947708495023
EDR: -0.19642857142857142
Hybrid Distance: 0.007496665848283897
R-EDR: -0.2
Time: 337.1764726638794
speed: 33.71764726638794 seconds/100num
