测试结果:
Accuracy: 0.28888888888888886
Recall: 0.08074534161490683
F1 Score: 0.12621359219886416
EDR: -0.08695652173913043
Hybrid Distance: 0.010957660730379931
R-EDR: -0.07746478873239436
Time: 289.9593048095703
speed: 28.995930480957032 seconds/100num
