测试结果:
Accuracy: 0.052083333333333336
Recall: 0.0390625
F1 Score: 0.04464285709387755
EDR: -0.640625
Hybrid Distance: 0.009574482210851184
R-EDR: -0.7017543859649122
Time: 261.9070882797241
speed: 26.19070882797241 seconds/100num
