测试结果:
Accuracy: 0.41566690190543404
Recall: 0.2535514421007318
F1 Score: 0.31497326198501974
EDR: -0.02755058114507103
Hybrid Distance: 0.18368929757871
R-EDR: -0.08512820512820513
Time: 2507.8812806606293
speed: 25.078812806606294 seconds/100num
