测试结果:
Accuracy: 0.6737491432488005
Recall: 0.355643994211288
F1 Score: 0.46554582046152354
EDR: 0.3158465991316932
Hybrid Distance: 0.1936430889327406
R-EDR: 0.29654878568385173
Time: 2509.18807554245
speed: 25.091880755424498 seconds/100num
