测试结果:
Accuracy: 0.6299212598425197
Recall: 0.10610079575596817
F1 Score: 0.1816118047426351
EDR: 0.10610079575596817
Hybrid Distance: 0.17838584003820745
R-EDR: 0.11336336336336336
Time: 2430.9958391189575
speed: 24.309958391189575 seconds/100num
