测试结果:
Accuracy: 0.5412445730824892
Recall: 0.23874880306415577
F1 Score: 0.33133997780912594
EDR: 0.13661027768911585
Hybrid Distance: 0.20918997643075476
R-EDR: 0.1316888045540797
Time: 2509.624888896942
speed: 25.09624888896942 seconds/100num
