测试结果:
Accuracy: 0.26881720430107525
Recall: 0.3443526170798898
F1 Score: 0.3019323671005172
EDR: -0.5234159779614325
Hybrid Distance: 0.021342578974940317
R-EDR: -0.14240506329113925
Time: 33.68089509010315
speed: 1.3975475141121638 seconds/100num
