测试结果:
Accuracy: 0.26997840172786175
Recall: 0.3443526170798898
F1 Score: 0.30266343820739144
EDR: -0.5179063360881543
Hybrid Distance: 0.019324422777867212
R-EDR: -0.14240506329113925
Time: 20.70240306854248
speed: 0.8590208742133809 seconds/100num
