测试结果:
Accuracy: 0.6265060240963856
Recall: 0.171900826446281
F1 Score: 0.269779507099803
EDR: 0.171900826446281
Hybrid Distance: 0.10167893684402024
R-EDR: 0.17235494880546076
Time: 1018.5118494033813
Speed: 20.370236988067628 seconds/100 records
