测试结果:
Accuracy: 0.6763285024154589
Recall: 0.24443474465298995
F1 Score: 0.3590894517083558
EDR: 0.24443474465298995
Hybrid Distance: 0.14106526921777118
R-EDR: 0.19957081545064378
Time: 1045.3562695980072
Speed: 20.907125391960143 seconds/100 records
