测试结果:
Accuracy: 0.8147826086956522
Recall: 0.48100616016427106
F1 Score: 0.6049063911734596
EDR: 0.425564681724846
Hybrid Distance: 0.1670156071859636
R-EDR: 0.3904267589388697
Time: 2503.8328239917755
speed: 25.038328239917757 seconds/100num
