测试结果:
Accuracy: 0.17333333333333334
Recall: 0.1890909090909091
F1 Score: 0.1808695651674858
EDR: -0.5927272727272728
Hybrid Distance: 0.11481611040593316
R-EDR: -0.2222222222222222
Time: 257.3484661579132
speed: 25.73484661579132 seconds/100num
