测试结果:
Accuracy: 0.036402252296749975
Recall: 0.2651079136690647
F1 Score: 0.06401459217889027
EDR: -6.419064748201439
Hybrid Distance: 0.15706525182760517
R-EDR: -3.04278728606357
Time: 1288.5036232471466
speed: 12.885036232471466 seconds/100num
