测试结果:
Accuracy: 0.057291666666666664
Recall: 0.32673267326732675
F1 Score: 0.09748892168805551
EDR: -4.841584158415841
Hybrid Distance: 0.017932140236576497
R-EDR: -5.285714285714286
Time: 3.585999011993408
speed: 0.3585999011993408 seconds/100num
