测试结果:
Accuracy: 0.057291666666666664
Recall: 0.32673267326732675
F1 Score: 0.09748892168805551
EDR: -4.841584158415841
Hybrid Distance: 0.017964043133062726
R-EDR: -5.285714285714286
Time: 3.0089869499206543
speed: 0.30089869499206545 seconds/100num
