测试结果:
Accuracy: 0.025087249001062163
Recall: 0.26299045599151644
F1 Score: 0.04580505146860823
EDR: -9.709437963944858
Hybrid Distance: 0.15519773819875604
R-EDR: -4.808548009367682
Time: 1242.114562511444
speed: 12.421145625114441 seconds/100num
