测试结果:
Accuracy: 0.005765199161425576
Recall: 0.1375
F1 Score: 0.011066398382617637
EDR: -23.4125
Hybrid Distance: 0.037707967089283936
R-EDR: -9.093333333333334
Time: 2618.922459125519
speed: 261.89224591255186 seconds/100num
