测试结果:
Accuracy: 0.3206831119544592
Recall: 0.3967136150234742
F1 Score: 0.3546694647984105
EDR: -0.3967136150234742
Hybrid Distance: 0.025369248661512987
R-EDR: -0.012987012987012988
Time: 19.974177598953247
speed: 0.8288040497490974 seconds/100num
