测试结果:
Accuracy: 0.31947069943289225
Recall: 0.3967136150234742
F1 Score: 0.3539267015212622
EDR: -0.4014084507042254
Hybrid Distance: 0.0279874977617093
R-EDR: -0.012987012987012988
Time: 34.09967064857483
speed: 1.41492409330186 seconds/100num
