测试结果:
Accuracy: 0.8979591836734694
Recall: 1.0
F1 Score: 0.9462365590899294
EDR: 0.8863636363636364
Hybrid Distance: 0.011866290609571256
R-EDR: 0.8765432098765432
time(s): 152.467071875
speed: 15.246707187499998 seconds/100num
