测试结果:
Accuracy: 0.33285302593659943
Recall: 0.6657060518731989
F1 Score: 0.4438040345376881
EDR: -0.5605187319884726
Hybrid Distance: 0.0904935842534185
R-EDR: 0.1512770137524558
Time: 2.5979011058807373
speed: 0.2597901105880737 seconds/100num
