测试结果:
Accuracy: 0.3120184899845917
Recall: 0.7258064516129032
F1 Score: 0.4364224137510518
EDR: -0.7562724014336918
Hybrid Distance: 0.06998970737791012
R-EDR: -0.21444201312910285
Time: 3582.968023777008
speed: 150.79831749903232 seconds/100num
