测试结果:
Accuracy: 0.7916666666666666
Recall: 0.2753623188405797
F1 Score: 0.40860215049934095
EDR: 0.2318840579710145
Hybrid Distance: 0.002976362597233065
R-EDR: 0.2537313432835821
time(s): 23.413875916000002
speed: 2.3413875916 seconds/100num
