测试结果:
Accuracy: 0.4112903225806452
Recall: 0.3483606557377049
F1 Score: 0.37721893486158575
EDR: -0.1366120218579235
Hybrid Distance: 0.05043125981273645
R-EDR: -0.036885245901639344
Time: 4651.258940219879
speed: 93.02517880439758 seconds/100num
