测试结果:
Accuracy: 0.8139498951550601
Recall: 0.7839619031421404
F1 Score: 0.7986745069510897
EDR: 0.7090650112674859
Hybrid Distance: 0.07728021524434754
R-EDR: 0.691107043067733
time(s): 1432.497012792
speed: 0.716248506396 seconds/100num
