测试结果:
Accuracy: 0.8525358879203705
Recall: 0.8325607529147352
F1 Score: 0.8424299277457885
EDR: 0.8287961792386571
Hybrid Distance: 0.019215187693202827
R-EDR: 0.9009701152418778
time(s): 199.552016125
speed: 0.0997760080625 seconds/100num
