测试结果:
Accuracy: 0.007410838351088467
Recall: 0.16842105263157894
F1 Score: 0.014196983133008339
EDR: -22.08421052631579
Hybrid Distance: 0.044564042890203354
R-EDR: -7.729411764705882
Time: 19630.23823785782
speed: 1963.0238237857818 seconds/100num
