测试结果:
Accuracy: 0.35889070146818924
Recall: 0.5164319248826291
F1 Score: 0.4234841192971442
EDR: -0.3192488262910798
Hybrid Distance: 0.025850802900276117
R-EDR: -0.1012987012987013
Time: 2901.904409646988
speed: 120.4109713546468 seconds/100num
