测试结果:
Accuracy: 0.444015444015444
Recall: 0.38461538461538464
F1 Score: 0.4121863798785724
EDR: -0.0858416945373467
Hybrid Distance: 0.05091722904223466
R-EDR: -0.013377926421404682
Time: 13802.038583755493
speed: 230.0339763959249 seconds/100num
