rep_right:1
rec_right:1
wrong_cells:47
prec:0.06666666666666667
rec:0.02127659574468085
wrong2right:1
right2right:0
wrong2wrong:2
right2wrong:12
clean_in_cands AFTER filter:3
proportion of clean value in candidates and selected correctly:0.3333333322222222
