测试结果:
Accuracy: 0.34497816593886466
Recall: 0.7968299711815562
F1 Score: 0.4814976055303161
EDR: -0.6426512968299711
Hybrid Distance: 0.09815154704168896
R-EDR: -0.003929273084479371
Time: 297.04546093940735
speed: 29.704546093940735 seconds/100num
