测试结果:
Accuracy: 0.995
Recall: 0.471563981042654
F1 Score: 0.6398713825930252
EDR: 0.471563981042654
Hybrid Distance: 0.10179503267690482
R-EDR: 0.4398826979472141
Time: 139.87659311294556
Speed: 13.987659311294555 seconds/100 records
