测试结果:
<<<<<<< HEAD
Accuracy: 0.23529411764705882
Recall: 0.21768707482993196
F1 Score: 0.22614840984406848
EDR: -0.47619047619047616
Hybrid Distance: 0.12358957117218247
R-EDR: -0.25757575757575757
Time: 1085.7002580165863
speed: 54.285012900829315 seconds/100num
=======
Accuracy: 0.26666666666666666
Recall: 0.27586206896551724
F1 Score: 0.2711864406279804
EDR: -0.4605911330049261
Hybrid Distance: 0.12642469497382863
R-EDR: -0.26005361930294907
Time: 562.2370717525482
speed: 18.74123572508494 seconds/100num
>>>>>>> 7bf0206f7ddcf282baf2ab902c08e6483a4ce7cb
