测试结果:
Accuracy: 0.8654277996550265
Recall: 0.8155304075811942
F1 Score: 0.8397385290181592
EDR: 0.7783604747446867
Hybrid Distance: 0.10157065268108961
R-EDR: 0.759977433620266
time(s): 3534.577513542
speed: 1.767288756771 seconds/100num
