测试结果:
Accuracy: 0.803921568627451
Recall: 0.9879518072289156
F1 Score: 0.8864864864370139
EDR: 0.7469879518072289
Hybrid Distance: 0.011866290609571256
R-EDR: 0.7469879518072289
time(s): 149.836592917
speed: 14.9836592917 seconds/100num
