测试结果:
Accuracy: 0.33884297520661155
Recall: 0.9879518072289156
F1 Score: 0.504615384577352
EDR: -0.9397590361445783
Hybrid Distance: 0.023874789936232058
R-EDR: -0.18072289156626506
Time: 1865.0438375473022
speed: 186.5043837547302 seconds/100num
