测试结果:
Accuracy: 0.3360655737704918
Recall: 0.9879518072289156
F1 Score: 0.5015290519498883
EDR: -0.963855421686747
Hybrid Distance: 0.024460304792949635
R-EDR: -0.1927710843373494
Time: 1474.2838969230652
speed: 147.42838969230652 seconds/100num
