测试结果:
Accuracy: 0.007921714818266543
Recall: 0.15178571428571427
F1 Score: 0.015057573064088163
EDR: -18.723214285714285
Hybrid Distance: 0.06404127413201054
R-EDR: -8.333333333333334
Time: 97.128826379776
Speed: 9.7128826379776 seconds/100 records
