测试结果:
Accuracy: 0.12987012987012986
Recall: 0.18292682926829268
F1 Score: 0.1518987341286537
EDR: -1.024390243902439
Hybrid Distance: 0.012374415668754269
R-EDR: -0.4899328859060403
Time: 32.52061939239502
speed: 1.3494032942902499 seconds/100num
