测试结果:
Accuracy: 0.13100436681222707
Recall: 0.18292682926829268
F1 Score: 0.15267175567655858
EDR: -1.0121951219512195
Hybrid Distance: 0.011162585460199432
R-EDR: -0.4899328859060403
Time: 20.425194263458252
speed: 0.8475184341683922 seconds/100num
