测试结果:
Accuracy: 0.7034047919293821
Recall: 0.566869918699187
F1 Score: 0.6277996623028568
EDR: 0.4477642276422764
Hybrid Distance: 0.12308084873344213
R-EDR: 0.032563025210084036
Time: 459.7752833366394
speed: 19.3508115882424 seconds/100num
