rep_right:2789
rec_right:2789
wrong_cells:4920
prec:0.6910307234886026
rec:0.566869918699187
wrong2right:2789
right2right:0
wrong2wrong:590
right2wrong:657
clean_in_cands AFTER filter:3531
proportion of clean value in candidates and selected correctly:0.7898612291113286
