测试结果:
Accuracy: 0.0004714757190004715
Recall: 0.0010070493454179255
F1 Score: 0.0006422607144284094
EDR: -1.9093655589123868
Hybrid Distance: 0.07558297977238713
R-EDR: -0.1798469387755102
Time: 7117.890072822571
speed: 711.7890072822571 seconds/100num
