测试结果:
Accuracy: 0.009722222222222222
Recall: 0.18584070796460178
F1 Score: 0.01847778265663156
EDR: -18.442477876106196
Hybrid Distance: 0.04334372055020489
R-EDR: -6.132075471698113
Time: 24301.766759872437
speed: 2430.1766759872435 seconds/100num
