测试结果:
Accuracy: 0.5661651826834511
Recall: 0.4864151938802427
F1 Score: 0.5232690124360986
EDR: 0.342917436032709
Hybrid Distance: 0.07605061421540363
R-EDR: 0.3125
Time: 4176.12243103981
speed: 41.7612243103981 seconds/100num
