测试结果:
Accuracy: 0.9962962962962963
Recall: 0.5056390977443609
F1 Score: 0.6708229425987277
EDR: 0.5056390977443609
Hybrid Distance: 0.11097775545722033
R-EDR: 0.5024271844660194
Time: 142.87384557724
Speed: 14.287384557724 seconds/100 records
