测试结果:
Accuracy: 0.48792270531400966
Recall: 0.793713163064833
F1 Score: 0.604338070259503
EDR: -0.03929273084479371
Hybrid Distance: 0.11725831126081232
R-EDR: 0.04668304668304668
Time: 467.65032410621643
speed: 46.76503241062164 seconds/100num
