测试结果:
Accuracy: 0.8510347964521264
Recall: 0.8366685299049749
F1 Score: 0.8437905180175385
EDR: 0.8332029066517608
Hybrid Distance: 0.011808675258305172
R-EDR: 0.9044693788002257
time(s): 181.133084125
speed: 0.0905665420625 seconds/100num
