测试结果:
Accuracy: 0.017598343685300208
Recall: 0.10365853658536585
F1 Score: 0.030088495550407393
EDR: -5.676829268292683
Hybrid Distance: 0.03241204043853463
R-EDR: -5.483221476510067
Time: 220.67306399345398
Speed: 9.15655867192755 seconds/100 records
