测试结果:
Accuracy: 1.0
Recall: 1.0
F1 Score: 0.99999999995
EDR: 1.0
Hybrid Distance: 0.0
R-EDR: 1.0
time(s): 73.891921
speed: 3.109929335016835 seconds/100num
