测试结果:
Accuracy: 0.30793157076205285
Recall: 0.9753694581280788
F1 Score: 0.4680851063465037
EDR: -1.2019704433497538
Hybrid Distance: 0.017104331904385112
R-EDR: -0.6043956043956044
Time: 131.2145175933838
speed: 5.522496531708072 seconds/100num
