测试结果:
Accuracy: 0.057523187082512375
Recall: 0.3292984869325997
F1 Score: 0.09793814430457821
EDR: -4.74828060522696
Hybrid Distance: 0.15251205296267942
R-EDR: -2.2484451718494274
Time: 1242.6632583141327
speed: 12.426632583141327 seconds/100num
