测试结果:
Accuracy: 0.26146788990825687
Recall: 0.4672131147540984
F1 Score: 0.33529411760104494
EDR: -0.7950819672131147
Hybrid Distance: 0.05973937182603619
R-EDR: -0.11304347826086956
Time: 360.86299324035645
speed: 36.08629932403564 seconds/100num
