测试结果:
Accuracy: 0.34627831715210355
Recall: 0.5194174757281553
F1 Score: 0.4155339805345243
EDR: -0.4029126213592233
Hybrid Distance: 0.08500530849729065
R-EDR: -0.09239130434782608
Time: 374.4562704563141
speed: 37.44562704563141 seconds/100num
