测试结果:
Accuracy: 0.31498079385403327
Recall: 0.9144981412639405
F1 Score: 0.4685714285333172
EDR: -1.0111524163568772
Hybrid Distance: 0.02105600734877533
R-EDR: -0.45147679324894513
Time: 136.29707765579224
speed: 5.736408992247148 seconds/100num
