测试结果:
Accuracy: 0.2751842751842752
Recall: 0.6078697421981004
F1 Score: 0.3788583509084711
EDR: -0.8127544097693351
Hybrid Distance: 0.11149065005913515
R-EDR: -0.04628099173553719
Time: 1674.8405179977417
speed: 83.74202589988708 seconds/100num
