测试结果:
Accuracy: 0.18639798488664988
Recall: 1.0
F1 Score: 0.3142250530520706
EDR: -3.364864864864865
Hybrid Distance: 0.011269862130243906
R-EDR: -1.5972222222222223
Time: 130.00338673591614
speed: 5.471523010770881 seconds/100num
