测试结果:
Accuracy: 0.23529411764705882
Recall: 0.21768707482993196
F1 Score: 0.22614840984406848
EDR: -0.47619047619047616
Hybrid Distance: 0.12358957117218247
R-EDR: -0.25757575757575757
Time: 1085.7002580165863
speed: 54.285012900829315 seconds/100num
