测试结果:
Accuracy: 0.007428040854224698
Recall: 0.15841584158415842
F1 Score: 0.014190687352862415
EDR: -20.871287128712872
Hybrid Distance: 0.06596889152079449
R-EDR: -9.76923076923077
Time: 95.78252267837524
Speed: 9.578252267837524 seconds/100 records
