测试结果:
Accuracy: 0.3177570093457944
Recall: 0.7311827956989247
F1 Score: 0.4429967426287769
EDR: -0.7311827956989247
Hybrid Distance: 0.07777198395766606
R-EDR: -0.21444201312910285
Time: 143.12818717956543
speed: 6.023913601833562 seconds/100num
