测试结果:
Accuracy: 0.653968253968254
Recall: 0.8904899135446686
F1 Score: 0.7541183648077925
EDR: 0.5
Hybrid Distance: 0.022283346855521538
R-EDR: 0.8133595284872298
time(s): 159.138663167
speed: 15.913866316700002 seconds/100num
