测试结果:
Accuracy: 0.36989247311827955
Recall: 0.9772727272727273
F1 Score: 0.536661466418822
EDR: -0.6818181818181818
Hybrid Distance: 0.038889816550366496
R-EDR: -0.13580246913580246
Time: 1971.5587577819824
speed: 197.15587577819824 seconds/100num
