测试结果:
Accuracy: 0.9533527696793003
Recall: 0.4448979591836735
F1 Score: 0.6066790352070754
EDR: 0.4448979591836735
Hybrid Distance: 0.1293541474072417
R-EDR: 0.45896656534954405
Time: 240.8761501312256
Speed: 4.817523002624512 seconds/100 records
