测试结果:
Accuracy: 0.14705882352941177
Recall: 0.16666666666666666
F1 Score: 0.1562499999501953
EDR: -0.75
Hybrid Distance: 0.10907670013706772
R-EDR: -0.3101851851851852
Time: 256.44211649894714
speed: 25.644211649894714 seconds/100num
