测试结果:
Accuracy: 0.7315914489311164
Recall: 0.4868282402528978
F1 Score: 0.5846251185853616
EDR: 0.4868282402528978
Hybrid Distance: 0.08336043781318155
R-EDR: 0.46369353916523726
Time: 3952.1457674503326
speed: 39.521457674503324 seconds/100num
