rep_right:424
rec_right:424
wrong_cells:694
prec:0.7235494880546075
rec:0.6109510086455331
wrong2right:424
right2right:0
wrong2wrong:41
right2wrong:121
clean_in_cands AFTER filter:469
proportion of clean value in candidates and selected correctly:0.904051172688613
