测试结果:
Accuracy: 0.3054187192118227
Recall: 0.39574468085106385
F1 Score: 0.3447636700157046
EDR: -0.4340425531914894
Hybrid Distance: 0.024453281861311186
R-EDR: -0.025252525252525252
Time: 19.958226203918457
speed: 0.8281421661376953 seconds/100num
