测试结果:
Accuracy: 0.3044189852700491
Recall: 0.39574468085106385
F1 Score: 0.3441258093865583
EDR: -0.43829787234042555
Hybrid Distance: 0.026978738271816294
R-EDR: -0.025252525252525252
Time: 35.7463800907135
speed: 1.483252285921722 seconds/100num
