测试结果:
<<<<<<< HEAD
Accuracy: 0.24257425742574257
Recall: 0.28994082840236685
F1 Score: 0.26415094334662204
EDR: -0.5857988165680473
Hybrid Distance: 0.08828488599311007
R-EDR: -0.24848484848484848
Time: 107.32366490364075
speed: 5.366183245182038 seconds/100num
=======
Accuracy: 0.31516587677725116
Recall: 0.31971153846153844
F1 Score: 0.3174224343175443
EDR: -0.3269230769230769
Hybrid Distance: 0.1047301979905611
R-EDR: -0.12373737373737374
Time: 60159.90687966347
speed: 2005.3302293221157 seconds/100num
>>>>>>> 7bf0206f7ddcf282baf2ab902c08e6483a4ce7cb
