rep_right:4
rec_right:4
wrong_cells:66
prec:0.36363636363636365
rec:0.06060606060606061
wrong2right:4
right2right:0
wrong2wrong:0
right2wrong:7
clean_in_cands AFTER filter:7
proportion of clean value in candidates and selected correctly:0.571428570612245
