测试结果:
Accuracy: 0.3647887323943662
Recall: 0.19710806697108066
F1 Score: 0.2559288537093934
EDR: -0.02663622526636225
Hybrid Distance: 0.1324344403098887
R-EDR: -0.010178117048346057
Time: 1081.9060654640198
Speed: 21.638121309280397 seconds/100 records
