测试结果:
Accuracy: 0.8666666666666667
Recall: 0.3046875
F1 Score: 0.45086705198463034
EDR: 0.2734375
Hybrid Distance: 0.0044743997906205825
R-EDR: 0.21929824561403508
time(s): 94.298660209
speed: 9.4298660209 seconds/100num
