测试结果:
Accuracy: 1.0
Recall: 0.6453488372093024
F1 Score: 0.784452296772111
EDR: 0.6453488372093024
Hybrid Distance: 0.06409419082337268
R-EDR: 0.7624113475177305
Time: 75.413498878479
Speed: 3.173968808016793 seconds/100 records
