测试结果:
Accuracy: 0.04110878920285126
Recall: 0.31805981595092025
F1 Score: 0.07280733191357767
EDR: -7.075952198364008
Hybrid Distance: 0.1294539016714373
R-EDR: -4.371005879345604
Time: 1347.7770178318024
speed: 0.6738885089159011 seconds/100num
