测试结果:
Accuracy: 0.4388586956521739
Recall: 0.6164122137404581
F1 Score: 0.5126984126498281
EDR: -0.12213740458015267
Hybrid Distance: 0.025399225963141776
R-EDR: -0.09259259259259259
Time: 2926.2664279937744
speed: 121.42184348521886 seconds/100num
