测试结果:
Accuracy: 0.28951612903225804
Recall: 0.674812030075188
F1 Score: 0.40519187354714675
EDR: -0.8928571428571429
Hybrid Distance: 0.08570863661847196
R-EDR: -0.14320388349514562
Time: 2.5820000171661377
speed: 0.2582000017166138 seconds/100num
