测试结果:
Accuracy: 0.9310344827586207
Recall: 0.32926829268292684
F1 Score: 0.4864864864478858
EDR: 0.31097560975609756
Hybrid Distance: 0.004246596557852675
R-EDR: 0.348993288590604
time(s): 56.00040249999999
speed: 2.3236681535269708 seconds/100num
