测试结果:
Accuracy: 0.9964788732394366
Recall: 0.6535796766743649
F1 Score: 0.7894002788921871
EDR: 0.6535796766743649
Hybrid Distance: 0.07253390712495364
R-EDR: 0.7277628032345014
Time: 78.14557576179504
Speed: 3.2889552088297576 seconds/100 records
