测试结果:
Accuracy: 0.003810560696788242
Recall: 0.2
F1 Score: 0.007478632474963075
EDR: -51.97142857142857
Hybrid Distance: 0.026706523198340062
R-EDR: -19.37142857142857
Time: 2759.493351459503
speed: 275.94933514595033 seconds/100num
