测试结果:
Accuracy: 0.54125138427464
Recall: 0.6591368846931894
F1 Score: 0.5944055943560765
EDR: 0.100472016183412
Hybrid Distance: 0.003069940607522588
R-EDR: 0.5524069648344144
time(s): 505.0254526999779
speed: 0.25251272634998895 seconds/100num
