测试结果:
Accuracy: 0.8319559228650137
Recall: 0.5676691729323309
F1 Score: 0.6748603351473135
EDR: 0.518796992481203
Hybrid Distance: 0.07043145514231368
R-EDR: 0.4684466019417476
Time: 408.51637959480286
speed: 40.851637959480286 seconds/100num
