测试结果:
Accuracy: 0.49206349206349204
Recall: 0.17613636363636365
F1 Score: 0.25941422590259977
EDR: 0.03409090909090909
Hybrid Distance: 0.07845329195753076
R-EDR: 0.0
Time: 416.5137298107147
speed: 41.651372981071475 seconds/100num
