测试结果:
Accuracy: 0.7379912663755459
Recall: 0.4642857142857143
F1 Score: 0.5699831365461834
EDR: 0.36813186813186816
Hybrid Distance: 0.0651786055806805
R-EDR: 0.32792207792207795
Time: 402.64150834083557
speed: 40.26415083408356 seconds/100num
