测试结果:
Accuracy: 0.6079545454545454
Recall: 0.39776951672862454
F1 Score: 0.48089887635667816
EDR: 0.39776951672862454
Hybrid Distance: 0.04711711004138107
R-EDR: 0.35864978902953587
Time: 289.5471615791321
speed: 12.18632834929007 seconds/100num
