测试结果:
Accuracy: 0.7023121387283237
Recall: 0.5612009237875288
F1 Score: 0.6238767650340639
EDR: 0.5034642032332564
Hybrid Distance: 0.06363590927301942
R-EDR: 0.4636118598382749
Time: 293.25921416282654
speed: 12.342559518637481 seconds/100num
