测试结果:
Accuracy: 0.574468085106383
Recall: 0.4090909090909091
F1 Score: 0.4778761061461038
EDR: 0.4090909090909091
Hybrid Distance: 0.022842879352962215
R-EDR: 0.358974358974359
Time: 289.67188119888306
speed: 12.191577491535481 seconds/100num
