测试结果:
Accuracy: 0.5
Recall: 0.09846153846153846
F1 Score: 0.1645244215663391
EDR: 0.03076923076923077
Hybrid Distance: 0.03497363834136591
R-EDR: 0.03642384105960265
Time: 593.2223217487335
speed: 24.615034097457823 seconds/100num
