测试结果:
Accuracy: 0.34782608695652173
Recall: 0.0975609756097561
F1 Score: 0.15238095234673926
EDR: -0.07317073170731707
Hybrid Distance: 0.02727434958228955
R-EDR: -0.06711409395973154
Time: 565.7279031276703
speed: 23.47418685177055 seconds/100num
