测试结果:
Accuracy: 0.4519230769230769
Recall: 0.22488038277511962
F1 Score: 0.30031948877351816
EDR: 0.03349282296650718
Hybrid Distance: 0.025758923142940284
R-EDR: -0.031578947368421054
Time: 567.1102828979492
speed: 23.53154700821366 seconds/100num
