测试结果:
Accuracy: 0.14583333333333334
Recall: 0.026217228464419477
F1 Score: 0.04444444441861225
EDR: -0.12734082397003746
Hybrid Distance: 0.03729276622106391
R-EDR: -0.1
Time: 574.176381111145
speed: 23.82474610419689 seconds/100num
