测试结果:
Accuracy: 0.7241379310344828
Recall: 0.08015267175572519
F1 Score: 0.1443298968892715
EDR: 0.0648854961832061
Hybrid Distance: 0.03222545269493932
R-EDR: 0.037037037037037035
Time: 580.2975673675537
speed: 24.078737235168205 seconds/100num
