测试结果:
Accuracy: 0.7625
Recall: 0.2863849765258216
F1 Score: 0.4163822525200293
EDR: 0.215962441314554
Hybrid Distance: 0.024834413886985852
R-EDR: 0.2
Time: 563.5202457904816
speed: 23.38258281288305 seconds/100num
