测试结果:
Accuracy: 0.23577235772357724
Recall: 0.06170212765957447
F1 Score: 0.09780775713406835
EDR: 0.06170212765957447
Hybrid Distance: 0.026197628411975513
R-EDR: 0.0707070707070707
Time: 576.2980399131775
speed: 23.912781739135994 seconds/100num
