测试结果:
Accuracy: 0.36363636363636365
Recall: 0.057971014492753624
F1 Score: 0.09999999997628126
EDR: -0.043478260869565216
Hybrid Distance: 0.004412684292716074
R-EDR: -0.04477611940298507
Time: 301.6333861351013
speed: 30.16333861351013 seconds/100num
