测试结果:
Accuracy: 0.03125
Recall: 0.14
F1 Score: 0.05109489048111247
EDR: -4.06
Hybrid Distance: 0.0033519058155900283
R-EDR: -4.122448979591836
Time: 398.4615285396576
speed: 39.84615285396576 seconds/100num
