测试结果:
Accuracy: 0.4
Recall: 0.04195804195804196
F1 Score: 0.07594936707142284
EDR: 0.02097902097902098
Hybrid Distance: 0.008820657125410284
R-EDR: 0.022388059701492536
Time: 220.15840196609497
speed: 22.015840196609496 seconds/100num
