测试结果:
Accuracy: 0.7590778097982709
Recall: 0.549207673060884
F1 Score: 0.6373094603916447
EDR: 0.549207673060884
Hybrid Distance: 0.06831127609700122
R-EDR: 0.5175644028103045
Time: 3985.3822281360626
speed: 39.85382228136063 seconds/100num
