测试结果:
Accuracy: 0.6660533578656854
Recall: 0.48138297872340424
F1 Score: 0.5588575838957182
EDR: 0.31449468085106386
Hybrid Distance: 0.07854639038366304
R-EDR: 0.2875816993464052
Time: 3774.1427586078644
speed: 37.74142758607864 seconds/100num
