测试结果:
Accuracy: 0.49736842105263157
Recall: 0.31871838111298484
F1 Score: 0.3884892085854896
EDR: 0.134345137717819
Hybrid Distance: 0.21100346212792384
R-EDR: 0.10703259005145797
Time: 2569.178554534912
speed: 25.69178554534912 seconds/100num
