测试结果:
Accuracy: 0.21495327102803738
Recall: 0.39655172413793105
F1 Score: 0.27878787874228833
EDR: -1.0517241379310345
Hybrid Distance: 0.08331170538840141
R-EDR: -0.4827586206896552
Time: 102.2976987361908
speed: 5.11488493680954 seconds/100num
