测试结果:
Accuracy: 0.15646807795453382
Recall: 0.6063287554863372
F1 Score: 0.24874538227728094
EDR: -2.289706923403653
Hybrid Distance: 0.09012475417034332
R-EDR: -1.8423847537862246
Time: 1990.3677380084991
speed: 0.9951838690042496 seconds/100num
