测试结果:
Accuracy: 0.3101391650099404
Recall: 0.5
F1 Score: 0.3828220858423167
EDR: -0.5576923076923077
Hybrid Distance: 0.10658173343553043
R-EDR: -0.07664233576642336
Time: 373.12517857551575
speed: 37.312517857551576 seconds/100num
