测试结果:
Accuracy: 0.9968454258675079
Recall: 0.5197368421052632
F1 Score: 0.6832432431981916
EDR: 0.5197368421052632
Hybrid Distance: 0.1334637911954361
R-EDR: 0.4785553047404063
Time: 138.6317138671875
Speed: 13.86317138671875 seconds/100 records
