测试结果:
Accuracy: 0.34446564885496184
Recall: 0.7830802603036876
F1 Score: 0.47846255794298675
EDR: -0.613882863340564
Hybrid Distance: 0.08157914433737658
R-EDR: -0.020151133501259445
Time: 694.7588646411896
speed: 34.73794323205948 seconds/100num
