测试结果:
Accuracy: 0.2510903426791277
Recall: 0.7222222222222222
F1 Score: 0.3726306056020296
EDR: -1.2508960573476702
Hybrid Distance: 0.06462894753200858
R-EDR: -1.161925601750547
Time: 3.4279441833496094
speed: 0.14427374509047178 seconds/100num
