测试结果:
Accuracy: 0.14084507042253522
Recall: 0.13157894736842105
F1 Score: 0.13605442171876533
EDR: -0.6236842105263158
Hybrid Distance: 0.12307070413209438
R-EDR: -0.25835866261398177
Time: 253.73660826683044
speed: 25.373660826683043 seconds/100num
