测试结果:
Accuracy: 0.30660377358490565
Recall: 0.7831325301204819
F1 Score: 0.440677966061256
EDR: -0.9759036144578314
Hybrid Distance: 0.024514552343839056
R-EDR: -0.012048192771084338
Time: 2.501614809036255
speed: 0.2501614809036255 seconds/100num
