测试结果:
Accuracy: 0.007042253521126761
Recall: 0.1
F1 Score: 0.013157894724549861
EDR: -13.807692307692308
Hybrid Distance: 0.04313068471006359
R-EDR: -5.367521367521367
Time: 2456.7564363479614
speed: 245.67564363479613 seconds/100num
