测试结果:
Accuracy: 0.2621359223300971
Recall: 0.627906976744186
F1 Score: 0.36986301365707447
EDR: -1.0406976744186047
Hybrid Distance: 0.03563343834143918
R-EDR: -0.11377245508982035
Time: 691.0680441856384
speed: 34.55340220928192 seconds/100num
