测试结果:
Accuracy: 0.7879834024896265
Recall: 0.7666445976714519
F1 Score: 0.7771675519442472
EDR: 0.7643031311059796
Hybrid Distance: 0.027953218693029455
R-EDR: 0.7932907410663697
time(s): 227.482749125
speed: 0.11374137456250001 seconds/100num
