测试结果:
Accuracy: 0.4536082474226804
Recall: 0.052412150089338895
F1 Score: 0.09396689800598974
EDR: -0.01072066706372841
Hybrid Distance: 0.0748024744441465
R-EDR: 0.0
Time: 701.3602695465088
speed: 29.10208587329912 seconds/100num
