测试结果:
Accuracy: 0.8164007474486129
Recall: 0.7673611111111112
F1 Score: 0.7911216970514365
EDR: 0.7204658452226546
Hybrid Distance: 0.09250111316499454
R-EDR: 0.7233586408111289
time(s): 1931.535022042
speed: 0.965767511021 seconds/100num
