测试结果:
Accuracy: 0.31260364842454397
Recall: 0.754
F1 Score: 0.4419695193020564
EDR: -0.786
Hybrid Distance: 0.060948220259225534
R-EDR: -0.2706766917293233
Time: 3581.8861544132233
speed: 150.7527842766508 seconds/100num
