测试结果:
Accuracy: 0.45478036175710596
Recall: 0.052412150089338895
F1 Score: 0.09399198930056031
EDR: -0.01042287075640262
Hybrid Distance: 0.08219603936244321
R-EDR: 0.0
Time: 30.53112030029297
speed: 1.266851464742447 seconds/100num
