测试结果:
Accuracy: 0.8095238095238095
Recall: 0.2111801242236025
F1 Score: 0.33497536942531003
EDR: 0.18012422360248448
Hybrid Distance: 0.008281896238542363
R-EDR: 0.09859154929577464
time(s): 45.972473167000004
speed: 4.597247316700001 seconds/100num
