测试结果:
Accuracy: 0.46489859594383776
Recall: 0.8010752688172043
F1 Score: 0.588351431345431
EDR: -0.08064516129032258
Hybrid Distance: 0.01631115629250694
R-EDR: 0.0
Time: 35.389355421066284
speed: 1.4684379842766093 seconds/100num
