测试结果:
Accuracy: 0.3263888888888889
Recall: 0.2865853658536585
F1 Score: 0.305194805145016
EDR: -0.29878048780487804
Hybrid Distance: 0.008844150890717129
R-EDR: -0.14093959731543623
Time: 2952.6436240673065
speed: 122.51633294885089 seconds/100num
