测试结果:
Accuracy: 0.1873015873015873
Recall: 0.13625866050808313
F1 Score: 0.1577540106464315
EDR: -0.4295612009237875
Hybrid Distance: 0.14492840538019225
R-EDR: -0.17011834319526628
Time: 3349.284746170044
speed: 167.4642373085022 seconds/100num
