测试结果:
Accuracy: 0.0651890482398957
Recall: 0.13333333333333333
F1 Score: 0.08756567421158305
EDR: -1.2426666666666666
Hybrid Distance: 0.024101152723974156
R-EDR: -0.035326086956521736
Time: 51581.456936597824
speed: 515.8145693659783 seconds/100num
