测试结果:
Accuracy: 0.30718954248366015
Recall: 0.5465116279069767
F1 Score: 0.3933054392844733
EDR: -0.6104651162790697
Hybrid Distance: 0.07023899339424569
R-EDR: -0.075
Time: 364.4668855667114
speed: 36.44668855667114 seconds/100num
