测试结果:
Accuracy: 0.2696078431372549
Recall: 0.6273764258555133
F1 Score: 0.37714285710081147
EDR: -0.9619771863117871
Hybrid Distance: 0.0651358729435595
R-EDR: -0.09876543209876543
Time: 731.5160415172577
speed: 36.57580207586288 seconds/100num
