测试结果:
Accuracy: 0.75
Recall: 0.1460446247464503
F1 Score: 0.24448217314758805
EDR: 0.1460446247464503
Hybrid Distance: 0.10961486527458598
R-EDR: 0.14285714285714285
Time: 1739.3216969966888
Speed: 34.78643393993378 seconds/100 records
