测试结果:
Accuracy: 0.8017667107185087
Recall: 0.7795360789883006
F1 Score: 0.7904951309334142
EDR: 0.7777326931313541
Hybrid Distance: 0.02340014115192044
R-EDR: 0.8419170624966643
time(s): 200.134116167
speed: 0.1000670580835 seconds/100num
