测试结果:
Accuracy: 0.3384615384615385
Recall: 0.8953488372093024
F1 Score: 0.49122807013562475
EDR: -0.7936046511627907
Hybrid Distance: 0.027830526075161757
R-EDR: -0.37943262411347517
Time: 3512.6666734218597
speed: 147.83950645714899 seconds/100num
