测试结果:
Accuracy: 0.0032502708559046588
Recall: 0.4
F1 Score: 0.006448146156380537
EDR: -122.26666666666667
Hybrid Distance: 0.040125174879622104
R-EDR: -47.266666666666666
Time: 2557.031008720398
speed: 255.70310087203978 seconds/100num
