测试结果:
Accuracy: 0.0
Recall: 0.0
F1 Score: 0.0
EDR: -1.3667007150153219
Hybrid Distance: 0.0688002847746215
R-EDR: -0.16988416988416988
Time: 833.4519648551941
speed: 83.34519648551941 seconds/100num
