测试结果:
Accuracy: 0.7615376601729347
Recall: 0.7710970464135021
F1 Score: 0.76628754122575
EDR: 0.6473628691983122
Hybrid Distance: 0.06793412811763477
R-EDR: 0.656890848952591
time(s): 2865.151004958
speed: 1.4325755024790001 seconds/100num
