测试结果:
Accuracy: 0.3018465909090909
Recall: 0.6990131578947368
F1 Score: 0.42162698408485755
EDR: -0.8421052631578947
Hybrid Distance: 0.09215716155975492
R-EDR: 0.09480812641083522
Time: 2.5711796283721924
speed: 0.2571179628372192 seconds/100num
