3_beers Evaluation Results:
accuracy: 0.8393177737881508
recall: 0.8353186420488385
f1_score: 0.8373134327858212
edr: 0.8329362715902323
hybrid_distance: 0.0306415634108745
r_edr: 0.7730290456431536
Total Time: 31.24922154099 seconds
Cleaning Speed: 1.2966481967215768 seconds/100 records
