测试结果:
Accuracy: 0.6731266149870802
Recall: 0.6353658536585366
F1 Score: 0.6537013801257003
EDR: 0.517479674796748
Hybrid Distance: 0.09532805349802362
R-EDR: 0.11292016806722689
time(s): 84.591757375
speed: 3.560259148779461 seconds/100num
