测试结果:
Accuracy: 0.5996649916247906
Recall: 0.21411483253588517
F1 Score: 0.3155575142847138
EDR: 0.20992822966507177
Hybrid Distance: 0.13452077556149594
R-EDR: 0.19264805990469708
Time: 1033.776422739029
Speed: 20.67552845478058 seconds/100 records
