测试结果:
Accuracy: 0.015181462635098196
Recall: 0.3923913043478261
F1 Score: 0.02923195270346385
EDR: -24.735869565217392
Hybrid Distance: 0.14511960147790284
R-EDR: -10.11111111111111
Time: 1312.915167093277
speed: 13.12915167093277 seconds/100num
