测试结果:
Accuracy: 0.8297576842951646
Recall: 0.8055279591257452
F1 Score: 0.8174633179804367
EDR: 0.7160800454158388
Hybrid Distance: 0.08274104259387347
R-EDR: 0.7019393711165506
time(s): 1444.795386833
speed: 0.7223976934165 seconds/100num
