测试结果:
Accuracy: 0.34991974317817015
Recall: 0.9008264462809917
F1 Score: 0.5040462427342669
EDR: -0.743801652892562
Hybrid Distance: 0.052838934791859034
R-EDR: -0.07207207207207207
Time: 246.2948350906372
speed: 24.62948350906372 seconds/100num
