测试结果:
Accuracy: 0.9367088607594937
Recall: 0.5543071161048689
F1 Score: 0.696470588188583
EDR: 0.5393258426966292
Hybrid Distance: 0.006682728051696164
R-EDR: 0.5458333333333333
time(s): 52.741417375
speed: 2.188440554979253 seconds/100num
