测试结果:
Accuracy: 0.9141414141414141
Recall: 0.6908396946564885
F1 Score: 0.7869565216900983
EDR: 0.666030534351145
Hybrid Distance: 0.01210869250286557
R-EDR: 0.6412037037037037
time(s): 65.54244883300001
speed: 2.719603686016598 seconds/100num
