测试结果:
Accuracy: 0.48563218390804597
Recall: 0.5176110260336907
F1 Score: 0.5011119347165445
EDR: -0.030627871362940276
Hybrid Distance: 0.001799519061023349
R-EDR: 0.42498036135113904
time(s): 12589.6389
speed: 25.179277799999998 seconds/100num
