测试结果:
Accuracy: 0.3766891891891892
Recall: 0.8383458646616542
F1 Score: 0.519813519770738
EDR: -0.4774436090225564
Hybrid Distance: 0.08734001620406275
R-EDR: -0.007281553398058253
Time: 290.9778480529785
speed: 29.097784805297852 seconds/100num
