测试结果:
Accuracy: 0.15853658536585366
Recall: 0.18055555555555555
F1 Score: 0.16883116878137966
EDR: -0.7638888888888888
Hybrid Distance: 0.11003162110242018
R-EDR: -0.373015873015873
Time: 262.55335330963135
speed: 26.255335330963135 seconds/100num
