测试结果:
Accuracy: 0.7794520547945205
Recall: 0.4392126592049402
F1 Score: 0.5618365835135123
EDR: 0.43844075646468544
Hybrid Distance: 0.09719681249917661
R-EDR: 0.40718562874251496
Time: 3841.5242881774902
speed: 38.4152428817749 seconds/100num
