测试结果:
Accuracy: 1.0
Recall: 0.2702702702702703
F1 Score: 0.42553191486011777
EDR: 0.2702702702702703
Hybrid Distance: 0.028031854217855572
R-EDR: 0.2638888888888889
Time: 261.5722076892853
speed: 11.008931300054094 seconds/100num
