测试结果:
Accuracy: 0.9146919431279621
Recall: 0.5938461538461538
F1 Score: 0.7201492536836049
EDR: 0.556923076923077
Hybrid Distance: 0.009145553122538796
R-EDR: 0.5728476821192053
time(s): 74.282797792
speed: 3.0822737673029046 seconds/100num
