测试结果:
Accuracy: 0.01967799642218247
Recall: 0.22
F1 Score: 0.036124794730412184
EDR: -10.4
Hybrid Distance: 0.01643688659317671
R-EDR: -10.53061224489796
Time: 3.017961263656616
speed: 0.3017961263656616 seconds/100num
