测试结果:
Accuracy: 0.01967799642218247
Recall: 0.22
F1 Score: 0.036124794730412184
EDR: -10.4
Hybrid Distance: 0.016427933151075633
R-EDR: -10.53061224489796
Time: 3.5175986289978027
speed: 0.3517598628997803 seconds/100num
