测试结果:
Accuracy: 0.9483146067415731
Recall: 0.8290766208251473
F1 Score: 0.8846960167217136
EDR: 0.7838899803536346
Hybrid Distance: 0.052051708071570814
R-EDR: 0.7542997542997543
time(s): 108.115330875
speed: 10.811533087499999 seconds/100num
