测试结果:
Accuracy: 0.9916666666666667
Recall: 0.6397849462365591
F1 Score: 0.7777777777301038
EDR: 0.6397849462365591
Hybrid Distance: 0.08886550520844375
R-EDR: 0.7439824945295405
Time: 71.38686466217041
Speed: 3.004497670966768 seconds/100 records
